time	species	protein	transcript	ribo_density
0.000000	ATA_charged	15.000000	0.000000	0.000000
0.000000	ATA_uncharged	0.000000	0.000000	0.000000
0.000000	TTT_charged	85.000000	0.000000	0.000000
0.000000	TTT_uncharged	0.000000	0.000000	0.000000
0.000000	__proteinX_rbs	200.000000	0.000000	0.000000
0.000000	__ribosome	100.000000	0.000000	0.000000
5.793226	ATA_charged	15.000000	0.000000	0.000000
5.793226	ATA_uncharged	0.000000	0.000000	0.000000
5.793226	TTT_charged	85.000000	0.000000	0.000000
5.793226	TTT_uncharged	0.000000	0.000000	0.000000
5.793226	__proteinX_rbs	199.000000	0.000000	0.000000
5.793226	__ribosome	99.000000	0.000000	0.000000
5.793226	proteinX	5.000000	5.000000	0.200000
10.233118	ATA_charged	15.000000	0.000000	0.000000
10.233118	ATA_uncharged	0.000000	0.000000	0.000000
10.233118	TTT_charged	85.000000	0.000000	0.000000
10.233118	TTT_uncharged	0.000000	0.000000	0.000000
10.233118	__proteinX_rbs	199.000000	0.000000	0.000000
10.233118	__ribosome	99.000000	0.000000	0.000000
10.233118	proteinX	9.000000	9.000000	0.111111
18.244961	ATA_charged	15.000000	0.000000	0.000000
18.244961	ATA_uncharged	0.000000	0.000000	0.000000
18.244961	TTT_charged	85.000000	0.000000	0.000000
18.244961	TTT_uncharged	0.000000	0.000000	0.000000
18.244961	__proteinX_rbs	199.000000	0.000000	0.000000
18.244961	__ribosome	99.000000	0.000000	0.000000
18.244961	proteinX	10.000000	10.000000	0.100000
20.689891	ATA_charged	15.000000	0.000000	0.000000
20.689891	ATA_uncharged	0.000000	0.000000	0.000000
20.689891	TTT_charged	85.000000	0.000000	0.000000
20.689891	TTT_uncharged	0.000000	0.000000	0.000000
20.689891	__proteinX_rbs	199.000000	0.000000	0.000000
20.689891	__ribosome	99.000000	0.000000	0.000000
20.689891	proteinX	11.000000	11.000000	0.090909
28.614323	ATA_charged	15.000000	0.000000	0.000000
28.614323	ATA_uncharged	0.000000	0.000000	0.000000
28.614323	TTT_charged	85.000000	0.000000	0.000000
28.614323	TTT_uncharged	0.000000	0.000000	0.000000
28.614323	__proteinX_rbs	199.000000	0.000000	0.000000
28.614323	__ribosome	99.000000	0.000000	0.000000
28.614323	proteinX	14.000000	13.000000	0.076923
29.999578	ATA_charged	15.000000	0.000000	0.000000
29.999578	ATA_uncharged	0.000000	0.000000	0.000000
29.999578	TTT_charged	84.000000	0.000000	0.000000
29.999578	TTT_uncharged	1.000000	0.000000	0.000000
29.999578	__proteinX_rbs	200.000000	0.000000	0.000000
29.999578	__ribosome	98.000000	0.000000	0.000000
29.999578	proteinX	15.000000	16.000000	0.125000
37.649914	ATA_charged	15.000000	0.000000	0.000000
37.649914	ATA_uncharged	0.000000	0.000000	0.000000
37.649914	TTT_charged	85.000000	0.000000	0.000000
37.649914	TTT_uncharged	0.000000	0.000000	0.000000
37.649914	__proteinX_rbs	199.000000	0.000000	0.000000
37.649914	__ribosome	99.000000	0.000000	0.000000
37.649914	proteinX	20.000000	19.000000	0.052632
41.755842	ATA_charged	15.000000	0.000000	0.000000
41.755842	ATA_uncharged	0.000000	0.000000	0.000000
41.755842	TTT_charged	85.000000	0.000000	0.000000
41.755842	TTT_uncharged	0.000000	0.000000	0.000000
41.755842	__proteinX_rbs	199.000000	0.000000	0.000000
41.755842	__ribosome	99.000000	0.000000	0.000000
41.755842	proteinX	23.000000	21.000000	0.047619
46.120381	ATA_charged	15.000000	0.000000	0.000000
46.120381	ATA_uncharged	0.000000	0.000000	0.000000
46.120381	TTT_charged	85.000000	0.000000	0.000000
46.120381	TTT_uncharged	0.000000	0.000000	0.000000
46.120381	__proteinX_rbs	199.000000	0.000000	0.000000
46.120381	__ribosome	99.000000	0.000000	0.000000
46.120381	proteinX	27.000000	24.000000	0.041667
51.537309	ATA_charged	15.000000	0.000000	0.000000
51.537309	ATA_uncharged	0.000000	0.000000	0.000000
51.537309	TTT_charged	85.000000	0.000000	0.000000
51.537309	TTT_uncharged	0.000000	0.000000	0.000000
51.537309	__proteinX_rbs	199.000000	0.000000	0.000000
51.537309	__ribosome	99.000000	0.000000	0.000000
51.537309	proteinX	29.000000	26.000000	0.038462
55.022641	ATA_charged	15.000000	0.000000	0.000000
55.022641	ATA_uncharged	0.000000	0.000000	0.000000
55.022641	TTT_charged	85.000000	0.000000	0.000000
55.022641	TTT_uncharged	0.000000	0.000000	0.000000
55.022641	__proteinX_rbs	199.000000	0.000000	0.000000
55.022641	__ribosome	99.000000	0.000000	0.000000
55.022641	proteinX	33.000000	30.000000	0.033333
63.979382	ATA_charged	15.000000	0.000000	0.000000
63.979382	ATA_uncharged	0.000000	0.000000	0.000000
63.979382	TTT_charged	85.000000	0.000000	0.000000
63.979382	TTT_uncharged	0.000000	0.000000	0.000000
63.979382	__proteinX_rbs	199.000000	0.000000	0.000000
63.979382	__ribosome	99.000000	0.000000	0.000000
63.979382	proteinX	39.000000	36.000000	0.027778
68.080925	ATA_charged	15.000000	0.000000	0.000000
68.080925	ATA_uncharged	0.000000	0.000000	0.000000
68.080925	TTT_charged	85.000000	0.000000	0.000000
68.080925	TTT_uncharged	0.000000	0.000000	0.000000
68.080925	__proteinX_rbs	199.000000	0.000000	0.000000
68.080925	__ribosome	99.000000	0.000000	0.000000
68.080925	proteinX	40.000000	37.000000	0.027027
70.001852	ATA_charged	15.000000	0.000000	0.000000
70.001852	ATA_uncharged	0.000000	0.000000	0.000000
70.001852	TTT_charged	85.000000	0.000000	0.000000
70.001852	TTT_uncharged	0.000000	0.000000	0.000000
70.001852	__proteinX_rbs	200.000000	0.000000	0.000000
70.001852	__ribosome	99.000000	0.000000	0.000000
70.001852	proteinX	43.000000	41.000000	0.024390
75.226880	ATA_charged	15.000000	0.000000	0.000000
75.226880	ATA_uncharged	0.000000	0.000000	0.000000
75.226880	TTT_charged	85.000000	0.000000	0.000000
75.226880	TTT_uncharged	0.000000	0.000000	0.000000
75.226880	__proteinX_rbs	199.000000	0.000000	0.000000
75.226880	__ribosome	99.000000	0.000000	0.000000
75.226880	proteinX	51.000000	47.000000	0.021277
79.999361	ATA_charged	15.000000	0.000000	0.000000
79.999361	ATA_uncharged	0.000000	0.000000	0.000000
79.999361	TTT_charged	78.000000	0.000000	0.000000
79.999361	TTT_uncharged	7.000000	0.000000	0.000000
79.999361	__proteinX_rbs	200.000000	0.000000	0.000000
79.999361	__ribosome	98.000000	0.000000	0.000000
79.999361	proteinX	54.000000	51.000000	0.039216
86.395951	ATA_charged	15.000000	0.000000	0.000000
86.395951	ATA_uncharged	0.000000	0.000000	0.000000
86.395951	TTT_charged	85.000000	0.000000	0.000000
86.395951	TTT_uncharged	0.000000	0.000000	0.000000
86.395951	__proteinX_rbs	199.000000	0.000000	0.000000
86.395951	__ribosome	99.000000	0.000000	0.000000
86.395951	proteinX	61.000000	56.000000	0.017857
90.237302	ATA_charged	15.000000	0.000000	0.000000
90.237302	ATA_uncharged	0.000000	0.000000	0.000000
90.237302	TTT_charged	85.000000	0.000000	0.000000
90.237302	TTT_uncharged	0.000000	0.000000	0.000000
90.237302	__proteinX_rbs	199.000000	0.000000	0.000000
90.237302	__ribosome	99.000000	0.000000	0.000000
90.237302	proteinX	65.000000	58.000000	0.017241
95.494606	ATA_charged	15.000000	0.000000	0.000000
95.494606	ATA_uncharged	0.000000	0.000000	0.000000
95.494606	TTT_charged	85.000000	0.000000	0.000000
95.494606	TTT_uncharged	0.000000	0.000000	0.000000
95.494606	__proteinX_rbs	199.000000	0.000000	0.000000
95.494606	__ribosome	99.000000	0.000000	0.000000
95.494606	proteinX	70.000000	63.000000	0.015873
99.999260	ATA_charged	15.000000	0.000000	0.000000
99.999260	ATA_uncharged	0.000000	0.000000	0.000000
99.999260	TTT_charged	81.000000	0.000000	0.000000
99.999260	TTT_uncharged	4.000000	0.000000	0.000000
99.999260	__proteinX_rbs	200.000000	0.000000	0.000000
99.999260	__ribosome	99.000000	0.000000	0.000000
99.999260	proteinX	73.000000	67.000000	0.014925
104.999325	ATA_charged	15.000000	0.000000	0.000000
104.999325	ATA_uncharged	0.000000	0.000000	0.000000
104.999325	TTT_charged	82.000000	0.000000	0.000000
104.999325	TTT_uncharged	3.000000	0.000000	0.000000
104.999325	__proteinX_rbs	200.000000	0.000000	0.000000
104.999325	__ribosome	99.000000	0.000000	0.000000
104.999325	proteinX	77.000000	68.000000	0.014706
111.135035	ATA_charged	15.000000	0.000000	0.000000
111.135035	ATA_uncharged	0.000000	0.000000	0.000000
111.135035	TTT_charged	85.000000	0.000000	0.000000
111.135035	TTT_uncharged	0.000000	0.000000	0.000000
111.135035	__proteinX_rbs	199.000000	0.000000	0.000000
111.135035	__ribosome	99.000000	0.000000	0.000000
111.135035	proteinX	82.000000	71.000000	0.014085
115.047309	ATA_charged	15.000000	0.000000	0.000000
115.047309	ATA_uncharged	0.000000	0.000000	0.000000
115.047309	TTT_charged	85.000000	0.000000	0.000000
115.047309	TTT_uncharged	0.000000	0.000000	0.000000
115.047309	__proteinX_rbs	199.000000	0.000000	0.000000
115.047309	__ribosome	99.000000	0.000000	0.000000
115.047309	proteinX	85.000000	73.000000	0.013699
120.001455	ATA_charged	15.000000	0.000000	0.000000
120.001455	ATA_uncharged	0.000000	0.000000	0.000000
120.001455	TTT_charged	85.000000	0.000000	0.000000
120.001455	TTT_uncharged	0.000000	0.000000	0.000000
120.001455	__proteinX_rbs	200.000000	0.000000	0.000000
120.001455	__ribosome	99.000000	0.000000	0.000000
120.001455	proteinX	93.000000	79.000000	0.012658
127.573854	ATA_charged	15.000000	0.000000	0.000000
127.573854	ATA_uncharged	0.000000	0.000000	0.000000
127.573854	TTT_charged	85.000000	0.000000	0.000000
127.573854	TTT_uncharged	0.000000	0.000000	0.000000
127.573854	__proteinX_rbs	199.000000	0.000000	0.000000
127.573854	__ribosome	99.000000	0.000000	0.000000
127.573854	proteinX	101.000000	82.000000	0.012195
130.360745	ATA_charged	15.000000	0.000000	0.000000
130.360745	ATA_uncharged	0.000000	0.000000	0.000000
130.360745	TTT_charged	85.000000	0.000000	0.000000
130.360745	TTT_uncharged	0.000000	0.000000	0.000000
130.360745	__proteinX_rbs	199.000000	0.000000	0.000000
130.360745	__ribosome	99.000000	0.000000	0.000000
130.360745	proteinX	102.000000	83.000000	0.012048
135.003786	ATA_charged	15.000000	0.000000	0.000000
135.003786	ATA_uncharged	0.000000	0.000000	0.000000
135.003786	TTT_charged	83.000000	0.000000	0.000000
135.003786	TTT_uncharged	2.000000	0.000000	0.000000
135.003786	__proteinX_rbs	199.000000	0.000000	0.000000
135.003786	__ribosome	99.000000	0.000000	0.000000
135.003786	proteinX	106.000000	87.000000	0.011494
141.418146	ATA_charged	15.000000	0.000000	0.000000
141.418146	ATA_uncharged	0.000000	0.000000	0.000000
141.418146	TTT_charged	85.000000	0.000000	0.000000
141.418146	TTT_uncharged	0.000000	0.000000	0.000000
141.418146	__proteinX_rbs	199.000000	0.000000	0.000000
141.418146	__ribosome	99.000000	0.000000	0.000000
141.418146	proteinX	109.000000	87.000000	0.011494
144.999808	ATA_charged	15.000000	0.000000	0.000000
144.999808	ATA_uncharged	0.000000	0.000000	0.000000
144.999808	TTT_charged	76.000000	0.000000	0.000000
144.999808	TTT_uncharged	9.000000	0.000000	0.000000
144.999808	__proteinX_rbs	200.000000	0.000000	0.000000
144.999808	__ribosome	98.000000	0.000000	0.000000
144.999808	proteinX	111.000000	90.000000	0.022222
152.579001	ATA_charged	15.000000	0.000000	0.000000
152.579001	ATA_uncharged	0.000000	0.000000	0.000000
152.579001	TTT_charged	85.000000	0.000000	0.000000
152.579001	TTT_uncharged	0.000000	0.000000	0.000000
152.579001	__proteinX_rbs	199.000000	0.000000	0.000000
152.579001	__ribosome	99.000000	0.000000	0.000000
152.579001	proteinX	116.000000	90.000000	0.011111
155.039498	ATA_charged	14.000000	0.000000	0.000000
155.039498	ATA_uncharged	1.000000	0.000000	0.000000
155.039498	TTT_charged	85.000000	0.000000	0.000000
155.039498	TTT_uncharged	0.000000	0.000000	0.000000
155.039498	__proteinX_rbs	200.000000	0.000000	0.000000
155.039498	__ribosome	99.000000	0.000000	0.000000
155.039498	proteinX	120.000000	93.000000	0.010753
160.788011	ATA_charged	15.000000	0.000000	0.000000
160.788011	ATA_uncharged	0.000000	0.000000	0.000000
160.788011	TTT_charged	85.000000	0.000000	0.000000
160.788011	TTT_uncharged	0.000000	0.000000	0.000000
160.788011	__proteinX_rbs	199.000000	0.000000	0.000000
160.788011	__ribosome	99.000000	0.000000	0.000000
160.788011	proteinX	123.000000	93.000000	0.010753
165.239770	ATA_charged	15.000000	0.000000	0.000000
165.239770	ATA_uncharged	0.000000	0.000000	0.000000
165.239770	TTT_charged	85.000000	0.000000	0.000000
165.239770	TTT_uncharged	0.000000	0.000000	0.000000
165.239770	__proteinX_rbs	199.000000	0.000000	0.000000
165.239770	__ribosome	99.000000	0.000000	0.000000
165.239770	proteinX	125.000000	93.000000	0.010753
171.281465	ATA_charged	15.000000	0.000000	0.000000
171.281465	ATA_uncharged	0.000000	0.000000	0.000000
171.281465	TTT_charged	85.000000	0.000000	0.000000
171.281465	TTT_uncharged	0.000000	0.000000	0.000000
171.281465	__proteinX_rbs	199.000000	0.000000	0.000000
171.281465	__ribosome	99.000000	0.000000	0.000000
171.281465	proteinX	131.000000	98.000000	0.010204
175.084850	ATA_charged	15.000000	0.000000	0.000000
175.084850	ATA_uncharged	0.000000	0.000000	0.000000
175.084850	TTT_charged	85.000000	0.000000	0.000000
175.084850	TTT_uncharged	0.000000	0.000000	0.000000
175.084850	__proteinX_rbs	199.000000	0.000000	0.000000
175.084850	__ribosome	99.000000	0.000000	0.000000
175.084850	proteinX	136.000000	101.000000	0.009901
179.999903	ATA_charged	15.000000	0.000000	0.000000
179.999903	ATA_uncharged	0.000000	0.000000	0.000000
179.999903	TTT_charged	83.000000	0.000000	0.000000
179.999903	TTT_uncharged	2.000000	0.000000	0.000000
179.999903	__proteinX_rbs	200.000000	0.000000	0.000000
179.999903	__ribosome	99.000000	0.000000	0.000000
179.999903	proteinX	141.000000	104.000000	0.009615
185.000473	ATA_charged	15.000000	0.000000	0.000000
185.000473	ATA_uncharged	0.000000	0.000000	0.000000
185.000473	TTT_charged	80.000000	0.000000	0.000000
185.000473	TTT_uncharged	5.000000	0.000000	0.000000
185.000473	__proteinX_rbs	200.000000	0.000000	0.000000
185.000473	__ribosome	99.000000	0.000000	0.000000
185.000473	proteinX	147.000000	106.000000	0.009434
189.999652	ATA_charged	15.000000	0.000000	0.000000
189.999652	ATA_uncharged	0.000000	0.000000	0.000000
189.999652	TTT_charged	85.000000	0.000000	0.000000
189.999652	TTT_uncharged	0.000000	0.000000	0.000000
189.999652	__proteinX_rbs	200.000000	0.000000	0.000000
189.999652	__ribosome	99.000000	0.000000	0.000000
189.999652	proteinX	151.000000	109.000000	0.009174
198.730995	ATA_charged	15.000000	0.000000	0.000000
198.730995	ATA_uncharged	0.000000	0.000000	0.000000
198.730995	TTT_charged	85.000000	0.000000	0.000000
198.730995	TTT_uncharged	0.000000	0.000000	0.000000
198.730995	__proteinX_rbs	199.000000	0.000000	0.000000
198.730995	__ribosome	99.000000	0.000000	0.000000
198.730995	proteinX	157.000000	110.000000	0.009091
200.280608	ATA_charged	15.000000	0.000000	0.000000
200.280608	ATA_uncharged	0.000000	0.000000	0.000000
200.280608	TTT_charged	85.000000	0.000000	0.000000
200.280608	TTT_uncharged	0.000000	0.000000	0.000000
200.280608	__proteinX_rbs	199.000000	0.000000	0.000000
200.280608	__ribosome	99.000000	0.000000	0.000000
200.280608	proteinX	158.000000	110.000000	0.009091
207.385180	ATA_charged	15.000000	0.000000	0.000000
207.385180	ATA_uncharged	0.000000	0.000000	0.000000
207.385180	TTT_charged	85.000000	0.000000	0.000000
207.385180	TTT_uncharged	0.000000	0.000000	0.000000
207.385180	__proteinX_rbs	199.000000	0.000000	0.000000
207.385180	__ribosome	99.000000	0.000000	0.000000
207.385180	proteinX	162.000000	113.000000	0.008850
210.670282	ATA_charged	15.000000	0.000000	0.000000
210.670282	ATA_uncharged	0.000000	0.000000	0.000000
210.670282	TTT_charged	85.000000	0.000000	0.000000
210.670282	TTT_uncharged	0.000000	0.000000	0.000000
210.670282	__proteinX_rbs	199.000000	0.000000	0.000000
210.670282	__ribosome	99.000000	0.000000	0.000000
210.670282	proteinX	163.000000	113.000000	0.008850
215.000138	ATA_charged	14.000000	0.000000	0.000000
215.000138	ATA_uncharged	1.000000	0.000000	0.000000
215.000138	TTT_charged	78.000000	0.000000	0.000000
215.000138	TTT_uncharged	7.000000	0.000000	0.000000
215.000138	__proteinX_rbs	200.000000	0.000000	0.000000
215.000138	__ribosome	97.000000	0.000000	0.000000
215.000138	proteinX	171.000000	116.000000	0.025862
222.601641	ATA_charged	15.000000	0.000000	0.000000
222.601641	ATA_uncharged	0.000000	0.000000	0.000000
222.601641	TTT_charged	85.000000	0.000000	0.000000
222.601641	TTT_uncharged	0.000000	0.000000	0.000000
222.601641	__proteinX_rbs	199.000000	0.000000	0.000000
222.601641	__ribosome	99.000000	0.000000	0.000000
222.601641	proteinX	177.000000	117.000000	0.008547
229.184138	ATA_charged	15.000000	0.000000	0.000000
229.184138	ATA_uncharged	0.000000	0.000000	0.000000
229.184138	TTT_charged	85.000000	0.000000	0.000000
229.184138	TTT_uncharged	0.000000	0.000000	0.000000
229.184138	__proteinX_rbs	199.000000	0.000000	0.000000
229.184138	__ribosome	99.000000	0.000000	0.000000
229.184138	proteinX	179.000000	118.000000	0.008475
230.019424	ATA_charged	15.000000	0.000000	0.000000
230.019424	ATA_uncharged	0.000000	0.000000	0.000000
230.019424	TTT_charged	85.000000	0.000000	0.000000
230.019424	TTT_uncharged	0.000000	0.000000	0.000000
230.019424	__proteinX_rbs	199.000000	0.000000	0.000000
230.019424	__ribosome	99.000000	0.000000	0.000000
230.019424	proteinX	180.000000	118.000000	0.008475
236.069740	ATA_charged	15.000000	0.000000	0.000000
236.069740	ATA_uncharged	0.000000	0.000000	0.000000
236.069740	TTT_charged	85.000000	0.000000	0.000000
236.069740	TTT_uncharged	0.000000	0.000000	0.000000
236.069740	__proteinX_rbs	199.000000	0.000000	0.000000
236.069740	__ribosome	99.000000	0.000000	0.000000
236.069740	proteinX	182.000000	120.000000	0.008333
241.493058	ATA_charged	15.000000	0.000000	0.000000
241.493058	ATA_uncharged	0.000000	0.000000	0.000000
241.493058	TTT_charged	85.000000	0.000000	0.000000
241.493058	TTT_uncharged	0.000000	0.000000	0.000000
241.493058	__proteinX_rbs	199.000000	0.000000	0.000000
241.493058	__ribosome	99.000000	0.000000	0.000000
241.493058	proteinX	187.000000	122.000000	0.008197
246.321476	ATA_charged	15.000000	0.000000	0.000000
246.321476	ATA_uncharged	0.000000	0.000000	0.000000
246.321476	TTT_charged	85.000000	0.000000	0.000000
246.321476	TTT_uncharged	0.000000	0.000000	0.000000
246.321476	__proteinX_rbs	199.000000	0.000000	0.000000
246.321476	__ribosome	99.000000	0.000000	0.000000
246.321476	proteinX	190.000000	123.000000	0.008130
250.000982	ATA_charged	14.000000	0.000000	0.000000
250.000982	ATA_uncharged	1.000000	0.000000	0.000000
250.000982	TTT_charged	84.000000	0.000000	0.000000
250.000982	TTT_uncharged	1.000000	0.000000	0.000000
250.000982	__proteinX_rbs	200.000000	0.000000	0.000000
250.000982	__ribosome	98.000000	0.000000	0.000000
250.000982	proteinX	194.000000	129.000000	0.015504
254.999043	ATA_charged	15.000000	0.000000	0.000000
254.999043	ATA_uncharged	0.000000	0.000000	0.000000
254.999043	TTT_charged	83.000000	0.000000	0.000000
254.999043	TTT_uncharged	2.000000	0.000000	0.000000
254.999043	__proteinX_rbs	200.000000	0.000000	0.000000
254.999043	__ribosome	99.000000	0.000000	0.000000
254.999043	proteinX	200.000000	130.000000	0.007692
260.197435	ATA_charged	15.000000	0.000000	0.000000
260.197435	ATA_uncharged	0.000000	0.000000	0.000000
260.197435	TTT_charged	85.000000	0.000000	0.000000
260.197435	TTT_uncharged	0.000000	0.000000	0.000000
260.197435	__proteinX_rbs	199.000000	0.000000	0.000000
260.197435	__ribosome	99.000000	0.000000	0.000000
260.197435	proteinX	201.000000	130.000000	0.007692
265.000697	ATA_charged	14.000000	0.000000	0.000000
265.000697	ATA_uncharged	1.000000	0.000000	0.000000
265.000697	TTT_charged	83.000000	0.000000	0.000000
265.000697	TTT_uncharged	2.000000	0.000000	0.000000
265.000697	__proteinX_rbs	200.000000	0.000000	0.000000
265.000697	__ribosome	99.000000	0.000000	0.000000
265.000697	proteinX	203.000000	131.000000	0.007634
270.544870	ATA_charged	15.000000	0.000000	0.000000
270.544870	ATA_uncharged	0.000000	0.000000	0.000000
270.544870	TTT_charged	85.000000	0.000000	0.000000
270.544870	TTT_uncharged	0.000000	0.000000	0.000000
270.544870	__proteinX_rbs	199.000000	0.000000	0.000000
270.544870	__ribosome	99.000000	0.000000	0.000000
270.544870	proteinX	213.000000	133.000000	0.007519
275.000731	ATA_charged	15.000000	0.000000	0.000000
275.000731	ATA_uncharged	0.000000	0.000000	0.000000
275.000731	TTT_charged	82.000000	0.000000	0.000000
275.000731	TTT_uncharged	3.000000	0.000000	0.000000
275.000731	__proteinX_rbs	200.000000	0.000000	0.000000
275.000731	__ribosome	97.000000	0.000000	0.000000
275.000731	proteinX	219.000000	138.000000	0.021739
279.999586	ATA_charged	15.000000	0.000000	0.000000
279.999586	ATA_uncharged	0.000000	0.000000	0.000000
279.999586	TTT_charged	83.000000	0.000000	0.000000
279.999586	TTT_uncharged	2.000000	0.000000	0.000000
279.999586	__proteinX_rbs	200.000000	0.000000	0.000000
279.999586	__ribosome	99.000000	0.000000	0.000000
279.999586	proteinX	224.000000	139.000000	0.007194
286.730019	ATA_charged	15.000000	0.000000	0.000000
286.730019	ATA_uncharged	0.000000	0.000000	0.000000
286.730019	TTT_charged	85.000000	0.000000	0.000000
286.730019	TTT_uncharged	0.000000	0.000000	0.000000
286.730019	__proteinX_rbs	199.000000	0.000000	0.000000
286.730019	__ribosome	99.000000	0.000000	0.000000
286.730019	proteinX	229.000000	140.000000	0.007143
290.009446	ATA_charged	15.000000	0.000000	0.000000
290.009446	ATA_uncharged	0.000000	0.000000	0.000000
290.009446	TTT_charged	83.000000	0.000000	0.000000
290.009446	TTT_uncharged	2.000000	0.000000	0.000000
290.009446	__proteinX_rbs	199.000000	0.000000	0.000000
290.009446	__ribosome	99.000000	0.000000	0.000000
290.009446	proteinX	231.000000	140.000000	0.007143
294.999135	ATA_charged	14.000000	0.000000	0.000000
294.999135	ATA_uncharged	1.000000	0.000000	0.000000
294.999135	TTT_charged	82.000000	0.000000	0.000000
294.999135	TTT_uncharged	3.000000	0.000000	0.000000
294.999135	__proteinX_rbs	200.000000	0.000000	0.000000
294.999135	__ribosome	99.000000	0.000000	0.000000
294.999135	proteinX	234.000000	141.000000	0.007092
300.390875	ATA_charged	15.000000	0.000000	0.000000
300.390875	ATA_uncharged	0.000000	0.000000	0.000000
300.390875	TTT_charged	85.000000	0.000000	0.000000
300.390875	TTT_uncharged	0.000000	0.000000	0.000000
300.390875	__proteinX_rbs	199.000000	0.000000	0.000000
300.390875	__ribosome	99.000000	0.000000	0.000000
300.390875	proteinX	244.000000	142.000000	0.007042
305.000087	ATA_charged	15.000000	0.000000	0.000000
305.000087	ATA_uncharged	0.000000	0.000000	0.000000
305.000087	TTT_charged	81.000000	0.000000	0.000000
305.000087	TTT_uncharged	4.000000	0.000000	0.000000
305.000087	__proteinX_rbs	200.000000	0.000000	0.000000
305.000087	__ribosome	99.000000	0.000000	0.000000
305.000087	proteinX	246.000000	143.000000	0.006993
310.067529	ATA_charged	15.000000	0.000000	0.000000
310.067529	ATA_uncharged	0.000000	0.000000	0.000000
310.067529	TTT_charged	85.000000	0.000000	0.000000
310.067529	TTT_uncharged	0.000000	0.000000	0.000000
310.067529	__proteinX_rbs	199.000000	0.000000	0.000000
310.067529	__ribosome	99.000000	0.000000	0.000000
310.067529	proteinX	251.000000	144.000000	0.006944
316.482729	ATA_charged	15.000000	0.000000	0.000000
316.482729	ATA_uncharged	0.000000	0.000000	0.000000
316.482729	TTT_charged	85.000000	0.000000	0.000000
316.482729	TTT_uncharged	0.000000	0.000000	0.000000
316.482729	__proteinX_rbs	199.000000	0.000000	0.000000
316.482729	__ribosome	99.000000	0.000000	0.000000
316.482729	proteinX	256.000000	145.000000	0.006897
320.000245	ATA_charged	14.000000	0.000000	0.000000
320.000245	ATA_uncharged	1.000000	0.000000	0.000000
320.000245	TTT_charged	81.000000	0.000000	0.000000
320.000245	TTT_uncharged	4.000000	0.000000	0.000000
320.000245	__proteinX_rbs	200.000000	0.000000	0.000000
320.000245	__ribosome	99.000000	0.000000	0.000000
320.000245	proteinX	261.000000	147.000000	0.006803
327.132463	ATA_charged	15.000000	0.000000	0.000000
327.132463	ATA_uncharged	0.000000	0.000000	0.000000
327.132463	TTT_charged	85.000000	0.000000	0.000000
327.132463	TTT_uncharged	0.000000	0.000000	0.000000
327.132463	__proteinX_rbs	199.000000	0.000000	0.000000
327.132463	__ribosome	99.000000	0.000000	0.000000
327.132463	proteinX	267.000000	149.000000	0.006711
330.821272	ATA_charged	15.000000	0.000000	0.000000
330.821272	ATA_uncharged	0.000000	0.000000	0.000000
330.821272	TTT_charged	85.000000	0.000000	0.000000
330.821272	TTT_uncharged	0.000000	0.000000	0.000000
330.821272	__proteinX_rbs	199.000000	0.000000	0.000000
330.821272	__ribosome	99.000000	0.000000	0.000000
330.821272	proteinX	269.000000	149.000000	0.006711
335.001675	ATA_charged	14.000000	0.000000	0.000000
335.001675	ATA_uncharged	1.000000	0.000000	0.000000
335.001675	TTT_charged	85.000000	0.000000	0.000000
335.001675	TTT_uncharged	0.000000	0.000000	0.000000
335.001675	__proteinX_rbs	200.000000	0.000000	0.000000
335.001675	__ribosome	99.000000	0.000000	0.000000
335.001675	proteinX	273.000000	151.000000	0.006623
340.572090	ATA_charged	15.000000	0.000000	0.000000
340.572090	ATA_uncharged	0.000000	0.000000	0.000000
340.572090	TTT_charged	85.000000	0.000000	0.000000
340.572090	TTT_uncharged	0.000000	0.000000	0.000000
340.572090	__proteinX_rbs	199.000000	0.000000	0.000000
340.572090	__ribosome	99.000000	0.000000	0.000000
340.572090	proteinX	277.000000	153.000000	0.006536
345.017771	ATA_charged	14.000000	0.000000	0.000000
345.017771	ATA_uncharged	1.000000	0.000000	0.000000
345.017771	TTT_charged	85.000000	0.000000	0.000000
345.017771	TTT_uncharged	0.000000	0.000000	0.000000
345.017771	__proteinX_rbs	200.000000	0.000000	0.000000
345.017771	__ribosome	99.000000	0.000000	0.000000
345.017771	proteinX	283.000000	154.000000	0.006494
350.688788	ATA_charged	15.000000	0.000000	0.000000
350.688788	ATA_uncharged	0.000000	0.000000	0.000000
350.688788	TTT_charged	85.000000	0.000000	0.000000
350.688788	TTT_uncharged	0.000000	0.000000	0.000000
350.688788	__proteinX_rbs	199.000000	0.000000	0.000000
350.688788	__ribosome	99.000000	0.000000	0.000000
350.688788	proteinX	288.000000	156.000000	0.006410
356.589577	ATA_charged	15.000000	0.000000	0.000000
356.589577	ATA_uncharged	0.000000	0.000000	0.000000
356.589577	TTT_charged	85.000000	0.000000	0.000000
356.589577	TTT_uncharged	0.000000	0.000000	0.000000
356.589577	__proteinX_rbs	199.000000	0.000000	0.000000
356.589577	__ribosome	99.000000	0.000000	0.000000
356.589577	proteinX	291.000000	157.000000	0.006369
360.003944	ATA_charged	14.000000	0.000000	0.000000
360.003944	ATA_uncharged	1.000000	0.000000	0.000000
360.003944	TTT_charged	83.000000	0.000000	0.000000
360.003944	TTT_uncharged	2.000000	0.000000	0.000000
360.003944	__proteinX_rbs	200.000000	0.000000	0.000000
360.003944	__ribosome	99.000000	0.000000	0.000000
360.003944	proteinX	295.000000	157.000000	0.006369
366.026349	ATA_charged	15.000000	0.000000	0.000000
366.026349	ATA_uncharged	0.000000	0.000000	0.000000
366.026349	TTT_charged	85.000000	0.000000	0.000000
366.026349	TTT_uncharged	0.000000	0.000000	0.000000
366.026349	__proteinX_rbs	199.000000	0.000000	0.000000
366.026349	__ribosome	99.000000	0.000000	0.000000
366.026349	proteinX	303.000000	158.000000	0.006329
370.913989	ATA_charged	15.000000	0.000000	0.000000
370.913989	ATA_uncharged	0.000000	0.000000	0.000000
370.913989	TTT_charged	85.000000	0.000000	0.000000
370.913989	TTT_uncharged	0.000000	0.000000	0.000000
370.913989	__proteinX_rbs	199.000000	0.000000	0.000000
370.913989	__ribosome	99.000000	0.000000	0.000000
370.913989	proteinX	304.000000	158.000000	0.006329
374.999625	ATA_charged	15.000000	0.000000	0.000000
374.999625	ATA_uncharged	0.000000	0.000000	0.000000
374.999625	TTT_charged	80.000000	0.000000	0.000000
374.999625	TTT_uncharged	5.000000	0.000000	0.000000
374.999625	__proteinX_rbs	199.000000	0.000000	0.000000
374.999625	__ribosome	98.000000	0.000000	0.000000
374.999625	proteinX	307.000000	158.000000	0.012658
384.789835	ATA_charged	15.000000	0.000000	0.000000
384.789835	ATA_uncharged	0.000000	0.000000	0.000000
384.789835	TTT_charged	85.000000	0.000000	0.000000
384.789835	TTT_uncharged	0.000000	0.000000	0.000000
384.789835	__proteinX_rbs	199.000000	0.000000	0.000000
384.789835	__ribosome	99.000000	0.000000	0.000000
384.789835	proteinX	311.000000	158.000000	0.006329
384.999707	ATA_charged	14.000000	0.000000	0.000000
384.999707	ATA_uncharged	1.000000	0.000000	0.000000
384.999707	TTT_charged	83.000000	0.000000	0.000000
384.999707	TTT_uncharged	2.000000	0.000000	0.000000
384.999707	__proteinX_rbs	200.000000	0.000000	0.000000
384.999707	__ribosome	98.000000	0.000000	0.000000
384.999707	proteinX	311.000000	158.000000	0.012658
392.102299	ATA_charged	15.000000	0.000000	0.000000
392.102299	ATA_uncharged	0.000000	0.000000	0.000000
392.102299	TTT_charged	85.000000	0.000000	0.000000
392.102299	TTT_uncharged	0.000000	0.000000	0.000000
392.102299	__proteinX_rbs	199.000000	0.000000	0.000000
392.102299	__ribosome	99.000000	0.000000	0.000000
392.102299	proteinX	316.000000	159.000000	0.006289
395.441293	ATA_charged	15.000000	0.000000	0.000000
395.441293	ATA_uncharged	0.000000	0.000000	0.000000
395.441293	TTT_charged	85.000000	0.000000	0.000000
395.441293	TTT_uncharged	0.000000	0.000000	0.000000
395.441293	__proteinX_rbs	199.000000	0.000000	0.000000
395.441293	__ribosome	99.000000	0.000000	0.000000
395.441293	proteinX	319.000000	160.000000	0.006250
399.999157	ATA_charged	14.000000	0.000000	0.000000
399.999157	ATA_uncharged	1.000000	0.000000	0.000000
399.999157	TTT_charged	84.000000	0.000000	0.000000
399.999157	TTT_uncharged	1.000000	0.000000	0.000000
399.999157	__proteinX_rbs	200.000000	0.000000	0.000000
399.999157	__ribosome	99.000000	0.000000	0.000000
399.999157	proteinX	322.000000	160.000000	0.006250
404.999376	ATA_charged	14.000000	0.000000	0.000000
404.999376	ATA_uncharged	1.000000	0.000000	0.000000
404.999376	TTT_charged	83.000000	0.000000	0.000000
404.999376	TTT_uncharged	2.000000	0.000000	0.000000
404.999376	__proteinX_rbs	200.000000	0.000000	0.000000
404.999376	__ribosome	99.000000	0.000000	0.000000
404.999376	proteinX	331.000000	164.000000	0.006098
410.138715	ATA_charged	15.000000	0.000000	0.000000
410.138715	ATA_uncharged	0.000000	0.000000	0.000000
410.138715	TTT_charged	85.000000	0.000000	0.000000
410.138715	TTT_uncharged	0.000000	0.000000	0.000000
410.138715	__proteinX_rbs	199.000000	0.000000	0.000000
410.138715	__ribosome	99.000000	0.000000	0.000000
410.138715	proteinX	333.000000	165.000000	0.006061
414.999301	ATA_charged	15.000000	0.000000	0.000000
414.999301	ATA_uncharged	0.000000	0.000000	0.000000
414.999301	TTT_charged	84.000000	0.000000	0.000000
414.999301	TTT_uncharged	1.000000	0.000000	0.000000
414.999301	__proteinX_rbs	199.000000	0.000000	0.000000
414.999301	__ribosome	98.000000	0.000000	0.000000
414.999301	proteinX	338.000000	165.000000	0.012121
420.000149	ATA_charged	15.000000	0.000000	0.000000
420.000149	ATA_uncharged	0.000000	0.000000	0.000000
420.000149	TTT_charged	77.000000	0.000000	0.000000
420.000149	TTT_uncharged	8.000000	0.000000	0.000000
420.000149	__proteinX_rbs	200.000000	0.000000	0.000000
420.000149	__ribosome	98.000000	0.000000	0.000000
420.000149	proteinX	343.000000	165.000000	0.012121
425.499213	ATA_charged	15.000000	0.000000	0.000000
425.499213	ATA_uncharged	0.000000	0.000000	0.000000
425.499213	TTT_charged	85.000000	0.000000	0.000000
425.499213	TTT_uncharged	0.000000	0.000000	0.000000
425.499213	__proteinX_rbs	199.000000	0.000000	0.000000
425.499213	__ribosome	99.000000	0.000000	0.000000
425.499213	proteinX	347.000000	165.000000	0.006061
431.331508	ATA_charged	15.000000	0.000000	0.000000
431.331508	ATA_uncharged	0.000000	0.000000	0.000000
431.331508	TTT_charged	85.000000	0.000000	0.000000
431.331508	TTT_uncharged	0.000000	0.000000	0.000000
431.331508	__proteinX_rbs	199.000000	0.000000	0.000000
431.331508	__ribosome	99.000000	0.000000	0.000000
431.331508	proteinX	351.000000	165.000000	0.006061
436.006044	ATA_charged	15.000000	0.000000	0.000000
436.006044	ATA_uncharged	0.000000	0.000000	0.000000
436.006044	TTT_charged	85.000000	0.000000	0.000000
436.006044	TTT_uncharged	0.000000	0.000000	0.000000
436.006044	__proteinX_rbs	199.000000	0.000000	0.000000
436.006044	__ribosome	99.000000	0.000000	0.000000
436.006044	proteinX	355.000000	166.000000	0.006024
440.416991	ATA_charged	15.000000	0.000000	0.000000
440.416991	ATA_uncharged	0.000000	0.000000	0.000000
440.416991	TTT_charged	85.000000	0.000000	0.000000
440.416991	TTT_uncharged	0.000000	0.000000	0.000000
440.416991	__proteinX_rbs	199.000000	0.000000	0.000000
440.416991	__ribosome	99.000000	0.000000	0.000000
440.416991	proteinX	357.000000	166.000000	0.006024
445.000377	ATA_charged	15.000000	0.000000	0.000000
445.000377	ATA_uncharged	0.000000	0.000000	0.000000
445.000377	TTT_charged	82.000000	0.000000	0.000000
445.000377	TTT_uncharged	3.000000	0.000000	0.000000
445.000377	__proteinX_rbs	200.000000	0.000000	0.000000
445.000377	__ribosome	98.000000	0.000000	0.000000
445.000377	proteinX	362.000000	167.000000	0.011976
452.886741	ATA_charged	15.000000	0.000000	0.000000
452.886741	ATA_uncharged	0.000000	0.000000	0.000000
452.886741	TTT_charged	85.000000	0.000000	0.000000
452.886741	TTT_uncharged	0.000000	0.000000	0.000000
452.886741	__proteinX_rbs	199.000000	0.000000	0.000000
452.886741	__ribosome	99.000000	0.000000	0.000000
452.886741	proteinX	368.000000	168.000000	0.005952
455.000620	ATA_charged	14.000000	0.000000	0.000000
455.000620	ATA_uncharged	1.000000	0.000000	0.000000
455.000620	TTT_charged	84.000000	0.000000	0.000000
455.000620	TTT_uncharged	1.000000	0.000000	0.000000
455.000620	__proteinX_rbs	200.000000	0.000000	0.000000
455.000620	__ribosome	99.000000	0.000000	0.000000
455.000620	proteinX	371.000000	168.000000	0.005952
460.000086	ATA_charged	15.000000	0.000000	0.000000
460.000086	ATA_uncharged	0.000000	0.000000	0.000000
460.000086	TTT_charged	82.000000	0.000000	0.000000
460.000086	TTT_uncharged	3.000000	0.000000	0.000000
460.000086	__proteinX_rbs	200.000000	0.000000	0.000000
460.000086	__ribosome	98.000000	0.000000	0.000000
460.000086	proteinX	375.000000	168.000000	0.011905
465.035950	ATA_charged	15.000000	0.000000	0.000000
465.035950	ATA_uncharged	0.000000	0.000000	0.000000
465.035950	TTT_charged	85.000000	0.000000	0.000000
465.035950	TTT_uncharged	0.000000	0.000000	0.000000
465.035950	__proteinX_rbs	199.000000	0.000000	0.000000
465.035950	__ribosome	99.000000	0.000000	0.000000
465.035950	proteinX	381.000000	168.000000	0.005952
473.493261	ATA_charged	15.000000	0.000000	0.000000
473.493261	ATA_uncharged	0.000000	0.000000	0.000000
473.493261	TTT_charged	85.000000	0.000000	0.000000
473.493261	TTT_uncharged	0.000000	0.000000	0.000000
473.493261	__proteinX_rbs	199.000000	0.000000	0.000000
473.493261	__ribosome	99.000000	0.000000	0.000000
473.493261	proteinX	387.000000	169.000000	0.005917
475.749774	ATA_charged	15.000000	0.000000	0.000000
475.749774	ATA_uncharged	0.000000	0.000000	0.000000
475.749774	TTT_charged	85.000000	0.000000	0.000000
475.749774	TTT_uncharged	0.000000	0.000000	0.000000
475.749774	__proteinX_rbs	199.000000	0.000000	0.000000
475.749774	__ribosome	99.000000	0.000000	0.000000
475.749774	proteinX	388.000000	170.000000	0.005882
480.947453	ATA_charged	15.000000	0.000000	0.000000
480.947453	ATA_uncharged	0.000000	0.000000	0.000000
480.947453	TTT_charged	85.000000	0.000000	0.000000
480.947453	TTT_uncharged	0.000000	0.000000	0.000000
480.947453	__proteinX_rbs	199.000000	0.000000	0.000000
480.947453	__ribosome	99.000000	0.000000	0.000000
480.947453	proteinX	392.000000	170.000000	0.005882
487.105121	ATA_charged	15.000000	0.000000	0.000000
487.105121	ATA_uncharged	0.000000	0.000000	0.000000
487.105121	TTT_charged	85.000000	0.000000	0.000000
487.105121	TTT_uncharged	0.000000	0.000000	0.000000
487.105121	__proteinX_rbs	199.000000	0.000000	0.000000
487.105121	__ribosome	99.000000	0.000000	0.000000
487.105121	proteinX	396.000000	172.000000	0.005814
489.999388	ATA_charged	15.000000	0.000000	0.000000
489.999388	ATA_uncharged	0.000000	0.000000	0.000000
489.999388	TTT_charged	81.000000	0.000000	0.000000
489.999388	TTT_uncharged	4.000000	0.000000	0.000000
489.999388	__proteinX_rbs	200.000000	0.000000	0.000000
489.999388	__ribosome	99.000000	0.000000	0.000000
489.999388	proteinX	400.000000	174.000000	0.005747
495.005782	ATA_charged	15.000000	0.000000	0.000000
495.005782	ATA_uncharged	0.000000	0.000000	0.000000
495.005782	TTT_charged	84.000000	0.000000	0.000000
495.005782	TTT_uncharged	1.000000	0.000000	0.000000
495.005782	__proteinX_rbs	200.000000	0.000000	0.000000
495.005782	__ribosome	99.000000	0.000000	0.000000
495.005782	proteinX	402.000000	174.000000	0.005747
502.018960	ATA_charged	15.000000	0.000000	0.000000
502.018960	ATA_uncharged	0.000000	0.000000	0.000000
502.018960	TTT_charged	85.000000	0.000000	0.000000
502.018960	TTT_uncharged	0.000000	0.000000	0.000000
502.018960	__proteinX_rbs	199.000000	0.000000	0.000000
502.018960	__ribosome	99.000000	0.000000	0.000000
502.018960	proteinX	408.000000	174.000000	0.005747
508.028653	ATA_charged	15.000000	0.000000	0.000000
508.028653	ATA_uncharged	0.000000	0.000000	0.000000
508.028653	TTT_charged	85.000000	0.000000	0.000000
508.028653	TTT_uncharged	0.000000	0.000000	0.000000
508.028653	__proteinX_rbs	199.000000	0.000000	0.000000
508.028653	__ribosome	99.000000	0.000000	0.000000
508.028653	proteinX	410.000000	174.000000	0.005747
512.279155	ATA_charged	15.000000	0.000000	0.000000
512.279155	ATA_uncharged	0.000000	0.000000	0.000000
512.279155	TTT_charged	85.000000	0.000000	0.000000
512.279155	TTT_uncharged	0.000000	0.000000	0.000000
512.279155	__proteinX_rbs	199.000000	0.000000	0.000000
512.279155	__ribosome	99.000000	0.000000	0.000000
512.279155	proteinX	412.000000	175.000000	0.005714
515.006062	ATA_charged	15.000000	0.000000	0.000000
515.006062	ATA_uncharged	0.000000	0.000000	0.000000
515.006062	TTT_charged	83.000000	0.000000	0.000000
515.006062	TTT_uncharged	2.000000	0.000000	0.000000
515.006062	__proteinX_rbs	200.000000	0.000000	0.000000
515.006062	__ribosome	99.000000	0.000000	0.000000
515.006062	proteinX	418.000000	177.000000	0.005650
521.749863	ATA_charged	15.000000	0.000000	0.000000
521.749863	ATA_uncharged	0.000000	0.000000	0.000000
521.749863	TTT_charged	85.000000	0.000000	0.000000
521.749863	TTT_uncharged	0.000000	0.000000	0.000000
521.749863	__proteinX_rbs	199.000000	0.000000	0.000000
521.749863	__ribosome	99.000000	0.000000	0.000000
521.749863	proteinX	422.000000	178.000000	0.005618
525.315067	ATA_charged	15.000000	0.000000	0.000000
525.315067	ATA_uncharged	0.000000	0.000000	0.000000
525.315067	TTT_charged	85.000000	0.000000	0.000000
525.315067	TTT_uncharged	0.000000	0.000000	0.000000
525.315067	__proteinX_rbs	199.000000	0.000000	0.000000
525.315067	__ribosome	99.000000	0.000000	0.000000
525.315067	proteinX	423.000000	178.000000	0.005618
530.172740	ATA_charged	15.000000	0.000000	0.000000
530.172740	ATA_uncharged	0.000000	0.000000	0.000000
530.172740	TTT_charged	85.000000	0.000000	0.000000
530.172740	TTT_uncharged	0.000000	0.000000	0.000000
530.172740	__proteinX_rbs	199.000000	0.000000	0.000000
530.172740	__ribosome	99.000000	0.000000	0.000000
530.172740	proteinX	428.000000	178.000000	0.005618
535.761735	ATA_charged	15.000000	0.000000	0.000000
535.761735	ATA_uncharged	0.000000	0.000000	0.000000
535.761735	TTT_charged	85.000000	0.000000	0.000000
535.761735	TTT_uncharged	0.000000	0.000000	0.000000
535.761735	__proteinX_rbs	199.000000	0.000000	0.000000
535.761735	__ribosome	99.000000	0.000000	0.000000
535.761735	proteinX	435.000000	180.000000	0.005556
542.082969	ATA_charged	15.000000	0.000000	0.000000
542.082969	ATA_uncharged	0.000000	0.000000	0.000000
542.082969	TTT_charged	85.000000	0.000000	0.000000
542.082969	TTT_uncharged	0.000000	0.000000	0.000000
542.082969	__proteinX_rbs	199.000000	0.000000	0.000000
542.082969	__ribosome	99.000000	0.000000	0.000000
542.082969	proteinX	441.000000	180.000000	0.005556
545.173485	ATA_charged	15.000000	0.000000	0.000000
545.173485	ATA_uncharged	0.000000	0.000000	0.000000
545.173485	TTT_charged	85.000000	0.000000	0.000000
545.173485	TTT_uncharged	0.000000	0.000000	0.000000
545.173485	__proteinX_rbs	199.000000	0.000000	0.000000
545.173485	__ribosome	99.000000	0.000000	0.000000
545.173485	proteinX	443.000000	180.000000	0.005556
553.356517	ATA_charged	15.000000	0.000000	0.000000
553.356517	ATA_uncharged	0.000000	0.000000	0.000000
553.356517	TTT_charged	85.000000	0.000000	0.000000
553.356517	TTT_uncharged	0.000000	0.000000	0.000000
553.356517	__proteinX_rbs	199.000000	0.000000	0.000000
553.356517	__ribosome	99.000000	0.000000	0.000000
553.356517	proteinX	448.000000	181.000000	0.005525
555.075658	ATA_charged	15.000000	0.000000	0.000000
555.075658	ATA_uncharged	0.000000	0.000000	0.000000
555.075658	TTT_charged	85.000000	0.000000	0.000000
555.075658	TTT_uncharged	0.000000	0.000000	0.000000
555.075658	__proteinX_rbs	199.000000	0.000000	0.000000
555.075658	__ribosome	99.000000	0.000000	0.000000
555.075658	proteinX	450.000000	181.000000	0.005525
560.867856	ATA_charged	15.000000	0.000000	0.000000
560.867856	ATA_uncharged	0.000000	0.000000	0.000000
560.867856	TTT_charged	85.000000	0.000000	0.000000
560.867856	TTT_uncharged	0.000000	0.000000	0.000000
560.867856	__proteinX_rbs	199.000000	0.000000	0.000000
560.867856	__ribosome	99.000000	0.000000	0.000000
560.867856	proteinX	454.000000	181.000000	0.005525
565.522313	ATA_charged	15.000000	0.000000	0.000000
565.522313	ATA_uncharged	0.000000	0.000000	0.000000
565.522313	TTT_charged	85.000000	0.000000	0.000000
565.522313	TTT_uncharged	0.000000	0.000000	0.000000
565.522313	__proteinX_rbs	199.000000	0.000000	0.000000
565.522313	__ribosome	99.000000	0.000000	0.000000
565.522313	proteinX	459.000000	181.000000	0.005525
570.000012	ATA_charged	15.000000	0.000000	0.000000
570.000012	ATA_uncharged	0.000000	0.000000	0.000000
570.000012	TTT_charged	83.000000	0.000000	0.000000
570.000012	TTT_uncharged	2.000000	0.000000	0.000000
570.000012	__proteinX_rbs	200.000000	0.000000	0.000000
570.000012	__ribosome	99.000000	0.000000	0.000000
570.000012	proteinX	463.000000	181.000000	0.005525
574.999641	ATA_charged	15.000000	0.000000	0.000000
574.999641	ATA_uncharged	0.000000	0.000000	0.000000
574.999641	TTT_charged	82.000000	0.000000	0.000000
574.999641	TTT_uncharged	3.000000	0.000000	0.000000
574.999641	__proteinX_rbs	200.000000	0.000000	0.000000
574.999641	__ribosome	99.000000	0.000000	0.000000
574.999641	proteinX	466.000000	181.000000	0.005525
580.871177	ATA_charged	15.000000	0.000000	0.000000
580.871177	ATA_uncharged	0.000000	0.000000	0.000000
580.871177	TTT_charged	85.000000	0.000000	0.000000
580.871177	TTT_uncharged	0.000000	0.000000	0.000000
580.871177	__proteinX_rbs	199.000000	0.000000	0.000000
580.871177	__ribosome	99.000000	0.000000	0.000000
580.871177	proteinX	470.000000	182.000000	0.005495
585.001739	ATA_charged	15.000000	0.000000	0.000000
585.001739	ATA_uncharged	0.000000	0.000000	0.000000
585.001739	TTT_charged	82.000000	0.000000	0.000000
585.001739	TTT_uncharged	3.000000	0.000000	0.000000
585.001739	__proteinX_rbs	200.000000	0.000000	0.000000
585.001739	__ribosome	99.000000	0.000000	0.000000
585.001739	proteinX	475.000000	182.000000	0.005495
590.003996	ATA_charged	15.000000	0.000000	0.000000
590.003996	ATA_uncharged	0.000000	0.000000	0.000000
590.003996	TTT_charged	84.000000	0.000000	0.000000
590.003996	TTT_uncharged	1.000000	0.000000	0.000000
590.003996	__proteinX_rbs	199.000000	0.000000	0.000000
590.003996	__ribosome	98.000000	0.000000	0.000000
590.003996	proteinX	478.000000	182.000000	0.010989
595.176470	ATA_charged	15.000000	0.000000	0.000000
595.176470	ATA_uncharged	0.000000	0.000000	0.000000
595.176470	TTT_charged	85.000000	0.000000	0.000000
595.176470	TTT_uncharged	0.000000	0.000000	0.000000
595.176470	__proteinX_rbs	199.000000	0.000000	0.000000
595.176470	__ribosome	99.000000	0.000000	0.000000
595.176470	proteinX	485.000000	184.000000	0.005435
600.035846	ATA_charged	15.000000	0.000000	0.000000
600.035846	ATA_uncharged	0.000000	0.000000	0.000000
600.035846	TTT_charged	85.000000	0.000000	0.000000
600.035846	TTT_uncharged	0.000000	0.000000	0.000000
600.035846	__proteinX_rbs	199.000000	0.000000	0.000000
600.035846	__ribosome	99.000000	0.000000	0.000000
600.035846	proteinX	486.000000	184.000000	0.005435
605.456324	ATA_charged	15.000000	0.000000	0.000000
605.456324	ATA_uncharged	0.000000	0.000000	0.000000
605.456324	TTT_charged	85.000000	0.000000	0.000000
605.456324	TTT_uncharged	0.000000	0.000000	0.000000
605.456324	__proteinX_rbs	199.000000	0.000000	0.000000
605.456324	__ribosome	99.000000	0.000000	0.000000
605.456324	proteinX	490.000000	186.000000	0.005376
609.999892	ATA_charged	15.000000	0.000000	0.000000
609.999892	ATA_uncharged	0.000000	0.000000	0.000000
609.999892	TTT_charged	84.000000	0.000000	0.000000
609.999892	TTT_uncharged	1.000000	0.000000	0.000000
609.999892	__proteinX_rbs	200.000000	0.000000	0.000000
609.999892	__ribosome	99.000000	0.000000	0.000000
609.999892	proteinX	497.000000	187.000000	0.005348
615.002116	ATA_charged	14.000000	0.000000	0.000000
615.002116	ATA_uncharged	1.000000	0.000000	0.000000
615.002116	TTT_charged	82.000000	0.000000	0.000000
615.002116	TTT_uncharged	3.000000	0.000000	0.000000
615.002116	__proteinX_rbs	200.000000	0.000000	0.000000
615.002116	__ribosome	99.000000	0.000000	0.000000
615.002116	proteinX	499.000000	187.000000	0.005348
620.000655	ATA_charged	15.000000	0.000000	0.000000
620.000655	ATA_uncharged	0.000000	0.000000	0.000000
620.000655	TTT_charged	82.000000	0.000000	0.000000
620.000655	TTT_uncharged	3.000000	0.000000	0.000000
620.000655	__proteinX_rbs	200.000000	0.000000	0.000000
620.000655	__ribosome	99.000000	0.000000	0.000000
620.000655	proteinX	504.000000	187.000000	0.005348
625.300360	ATA_charged	15.000000	0.000000	0.000000
625.300360	ATA_uncharged	0.000000	0.000000	0.000000
625.300360	TTT_charged	85.000000	0.000000	0.000000
625.300360	TTT_uncharged	0.000000	0.000000	0.000000
625.300360	__proteinX_rbs	199.000000	0.000000	0.000000
625.300360	__ribosome	99.000000	0.000000	0.000000
625.300360	proteinX	510.000000	187.000000	0.005348
630.831380	ATA_charged	15.000000	0.000000	0.000000
630.831380	ATA_uncharged	0.000000	0.000000	0.000000
630.831380	TTT_charged	85.000000	0.000000	0.000000
630.831380	TTT_uncharged	0.000000	0.000000	0.000000
630.831380	__proteinX_rbs	199.000000	0.000000	0.000000
630.831380	__ribosome	99.000000	0.000000	0.000000
630.831380	proteinX	513.000000	188.000000	0.005319
634.999587	ATA_charged	15.000000	0.000000	0.000000
634.999587	ATA_uncharged	0.000000	0.000000	0.000000
634.999587	TTT_charged	78.000000	0.000000	0.000000
634.999587	TTT_uncharged	7.000000	0.000000	0.000000
634.999587	__proteinX_rbs	200.000000	0.000000	0.000000
634.999587	__ribosome	98.000000	0.000000	0.000000
634.999587	proteinX	515.000000	188.000000	0.010638
640.000723	ATA_charged	15.000000	0.000000	0.000000
640.000723	ATA_uncharged	0.000000	0.000000	0.000000
640.000723	TTT_charged	84.000000	0.000000	0.000000
640.000723	TTT_uncharged	1.000000	0.000000	0.000000
640.000723	__proteinX_rbs	200.000000	0.000000	0.000000
640.000723	__ribosome	99.000000	0.000000	0.000000
640.000723	proteinX	521.000000	189.000000	0.005291
645.315895	ATA_charged	15.000000	0.000000	0.000000
645.315895	ATA_uncharged	0.000000	0.000000	0.000000
645.315895	TTT_charged	85.000000	0.000000	0.000000
645.315895	TTT_uncharged	0.000000	0.000000	0.000000
645.315895	__proteinX_rbs	199.000000	0.000000	0.000000
645.315895	__ribosome	99.000000	0.000000	0.000000
645.315895	proteinX	529.000000	189.000000	0.005291
650.490184	ATA_charged	15.000000	0.000000	0.000000
650.490184	ATA_uncharged	0.000000	0.000000	0.000000
650.490184	TTT_charged	85.000000	0.000000	0.000000
650.490184	TTT_uncharged	0.000000	0.000000	0.000000
650.490184	__proteinX_rbs	199.000000	0.000000	0.000000
650.490184	__ribosome	99.000000	0.000000	0.000000
650.490184	proteinX	533.000000	189.000000	0.005291
654.999394	ATA_charged	15.000000	0.000000	0.000000
654.999394	ATA_uncharged	0.000000	0.000000	0.000000
654.999394	TTT_charged	81.000000	0.000000	0.000000
654.999394	TTT_uncharged	4.000000	0.000000	0.000000
654.999394	__proteinX_rbs	200.000000	0.000000	0.000000
654.999394	__ribosome	100.000000	0.000000	0.000000
654.999394	proteinX	537.000000	190.000000	0.000000
660.010277	ATA_charged	15.000000	0.000000	0.000000
660.010277	ATA_uncharged	0.000000	0.000000	0.000000
660.010277	TTT_charged	84.000000	0.000000	0.000000
660.010277	TTT_uncharged	1.000000	0.000000	0.000000
660.010277	__proteinX_rbs	200.000000	0.000000	0.000000
660.010277	__ribosome	98.000000	0.000000	0.000000
660.010277	proteinX	541.000000	190.000000	0.010526
667.246183	ATA_charged	15.000000	0.000000	0.000000
667.246183	ATA_uncharged	0.000000	0.000000	0.000000
667.246183	TTT_charged	85.000000	0.000000	0.000000
667.246183	TTT_uncharged	0.000000	0.000000	0.000000
667.246183	__proteinX_rbs	199.000000	0.000000	0.000000
667.246183	__ribosome	99.000000	0.000000	0.000000
667.246183	proteinX	546.000000	191.000000	0.005236
670.000381	ATA_charged	15.000000	0.000000	0.000000
670.000381	ATA_uncharged	0.000000	0.000000	0.000000
670.000381	TTT_charged	85.000000	0.000000	0.000000
670.000381	TTT_uncharged	0.000000	0.000000	0.000000
670.000381	__proteinX_rbs	200.000000	0.000000	0.000000
670.000381	__ribosome	98.000000	0.000000	0.000000
670.000381	proteinX	551.000000	191.000000	0.010471
676.267200	ATA_charged	15.000000	0.000000	0.000000
676.267200	ATA_uncharged	0.000000	0.000000	0.000000
676.267200	TTT_charged	85.000000	0.000000	0.000000
676.267200	TTT_uncharged	0.000000	0.000000	0.000000
676.267200	__proteinX_rbs	199.000000	0.000000	0.000000
676.267200	__ribosome	99.000000	0.000000	0.000000
676.267200	proteinX	556.000000	192.000000	0.005208
680.871644	ATA_charged	15.000000	0.000000	0.000000
680.871644	ATA_uncharged	0.000000	0.000000	0.000000
680.871644	TTT_charged	85.000000	0.000000	0.000000
680.871644	TTT_uncharged	0.000000	0.000000	0.000000
680.871644	__proteinX_rbs	199.000000	0.000000	0.000000
680.871644	__ribosome	99.000000	0.000000	0.000000
680.871644	proteinX	559.000000	192.000000	0.005208
685.475433	ATA_charged	15.000000	0.000000	0.000000
685.475433	ATA_uncharged	0.000000	0.000000	0.000000
685.475433	TTT_charged	85.000000	0.000000	0.000000
685.475433	TTT_uncharged	0.000000	0.000000	0.000000
685.475433	__proteinX_rbs	199.000000	0.000000	0.000000
685.475433	__ribosome	99.000000	0.000000	0.000000
685.475433	proteinX	560.000000	192.000000	0.005208
690.509272	ATA_charged	15.000000	0.000000	0.000000
690.509272	ATA_uncharged	0.000000	0.000000	0.000000
690.509272	TTT_charged	85.000000	0.000000	0.000000
690.509272	TTT_uncharged	0.000000	0.000000	0.000000
690.509272	__proteinX_rbs	199.000000	0.000000	0.000000
690.509272	__ribosome	99.000000	0.000000	0.000000
690.509272	proteinX	566.000000	192.000000	0.005208
695.000368	ATA_charged	15.000000	0.000000	0.000000
695.000368	ATA_uncharged	0.000000	0.000000	0.000000
695.000368	TTT_charged	84.000000	0.000000	0.000000
695.000368	TTT_uncharged	1.000000	0.000000	0.000000
695.000368	__proteinX_rbs	200.000000	0.000000	0.000000
695.000368	__ribosome	100.000000	0.000000	0.000000
695.000368	proteinX	571.000000	193.000000	0.000000
700.005218	ATA_charged	15.000000	0.000000	0.000000
700.005218	ATA_uncharged	0.000000	0.000000	0.000000
700.005218	TTT_charged	85.000000	0.000000	0.000000
700.005218	TTT_uncharged	0.000000	0.000000	0.000000
700.005218	__proteinX_rbs	200.000000	0.000000	0.000000
700.005218	__ribosome	99.000000	0.000000	0.000000
700.005218	proteinX	574.000000	193.000000	0.005181
705.689888	ATA_charged	15.000000	0.000000	0.000000
705.689888	ATA_uncharged	0.000000	0.000000	0.000000
705.689888	TTT_charged	85.000000	0.000000	0.000000
705.689888	TTT_uncharged	0.000000	0.000000	0.000000
705.689888	__proteinX_rbs	199.000000	0.000000	0.000000
705.689888	__ribosome	99.000000	0.000000	0.000000
705.689888	proteinX	578.000000	193.000000	0.005181
710.113835	ATA_charged	15.000000	0.000000	0.000000
710.113835	ATA_uncharged	0.000000	0.000000	0.000000
710.113835	TTT_charged	85.000000	0.000000	0.000000
710.113835	TTT_uncharged	0.000000	0.000000	0.000000
710.113835	__proteinX_rbs	199.000000	0.000000	0.000000
710.113835	__ribosome	99.000000	0.000000	0.000000
710.113835	proteinX	579.000000	193.000000	0.005181
715.002314	ATA_charged	15.000000	0.000000	0.000000
715.002314	ATA_uncharged	0.000000	0.000000	0.000000
715.002314	TTT_charged	82.000000	0.000000	0.000000
715.002314	TTT_uncharged	3.000000	0.000000	0.000000
715.002314	__proteinX_rbs	200.000000	0.000000	0.000000
715.002314	__ribosome	99.000000	0.000000	0.000000
715.002314	proteinX	585.000000	195.000000	0.005128
720.492272	ATA_charged	15.000000	0.000000	0.000000
720.492272	ATA_uncharged	0.000000	0.000000	0.000000
720.492272	TTT_charged	85.000000	0.000000	0.000000
720.492272	TTT_uncharged	0.000000	0.000000	0.000000
720.492272	__proteinX_rbs	199.000000	0.000000	0.000000
720.492272	__ribosome	99.000000	0.000000	0.000000
720.492272	proteinX	593.000000	195.000000	0.005128
725.368793	ATA_charged	15.000000	0.000000	0.000000
725.368793	ATA_uncharged	0.000000	0.000000	0.000000
725.368793	TTT_charged	85.000000	0.000000	0.000000
725.368793	TTT_uncharged	0.000000	0.000000	0.000000
725.368793	__proteinX_rbs	199.000000	0.000000	0.000000
725.368793	__ribosome	99.000000	0.000000	0.000000
725.368793	proteinX	598.000000	195.000000	0.005128
730.002453	ATA_charged	15.000000	0.000000	0.000000
730.002453	ATA_uncharged	0.000000	0.000000	0.000000
730.002453	TTT_charged	81.000000	0.000000	0.000000
730.002453	TTT_uncharged	4.000000	0.000000	0.000000
730.002453	__proteinX_rbs	200.000000	0.000000	0.000000
730.002453	__ribosome	99.000000	0.000000	0.000000
730.002453	proteinX	602.000000	195.000000	0.005128
735.974753	ATA_charged	15.000000	0.000000	0.000000
735.974753	ATA_uncharged	0.000000	0.000000	0.000000
735.974753	TTT_charged	85.000000	0.000000	0.000000
735.974753	TTT_uncharged	0.000000	0.000000	0.000000
735.974753	__proteinX_rbs	199.000000	0.000000	0.000000
735.974753	__ribosome	99.000000	0.000000	0.000000
735.974753	proteinX	604.000000	195.000000	0.005128
740.467107	ATA_charged	15.000000	0.000000	0.000000
740.467107	ATA_uncharged	0.000000	0.000000	0.000000
740.467107	TTT_charged	85.000000	0.000000	0.000000
740.467107	TTT_uncharged	0.000000	0.000000	0.000000
740.467107	__proteinX_rbs	199.000000	0.000000	0.000000
740.467107	__ribosome	99.000000	0.000000	0.000000
740.467107	proteinX	607.000000	195.000000	0.005128
745.292544	ATA_charged	15.000000	0.000000	0.000000
745.292544	ATA_uncharged	0.000000	0.000000	0.000000
745.292544	TTT_charged	85.000000	0.000000	0.000000
745.292544	TTT_uncharged	0.000000	0.000000	0.000000
745.292544	__proteinX_rbs	199.000000	0.000000	0.000000
745.292544	__ribosome	99.000000	0.000000	0.000000
745.292544	proteinX	613.000000	195.000000	0.005128
750.289365	ATA_charged	15.000000	0.000000	0.000000
750.289365	ATA_uncharged	0.000000	0.000000	0.000000
750.289365	TTT_charged	85.000000	0.000000	0.000000
750.289365	TTT_uncharged	0.000000	0.000000	0.000000
750.289365	__proteinX_rbs	199.000000	0.000000	0.000000
750.289365	__ribosome	99.000000	0.000000	0.000000
750.289365	proteinX	617.000000	195.000000	0.005128
755.213321	ATA_charged	15.000000	0.000000	0.000000
755.213321	ATA_uncharged	0.000000	0.000000	0.000000
755.213321	TTT_charged	85.000000	0.000000	0.000000
755.213321	TTT_uncharged	0.000000	0.000000	0.000000
755.213321	__proteinX_rbs	199.000000	0.000000	0.000000
755.213321	__ribosome	99.000000	0.000000	0.000000
755.213321	proteinX	620.000000	195.000000	0.005128
762.048997	ATA_charged	15.000000	0.000000	0.000000
762.048997	ATA_uncharged	0.000000	0.000000	0.000000
762.048997	TTT_charged	85.000000	0.000000	0.000000
762.048997	TTT_uncharged	0.000000	0.000000	0.000000
762.048997	__proteinX_rbs	199.000000	0.000000	0.000000
762.048997	__ribosome	99.000000	0.000000	0.000000
762.048997	proteinX	625.000000	195.000000	0.005128
765.001610	ATA_charged	15.000000	0.000000	0.000000
765.001610	ATA_uncharged	0.000000	0.000000	0.000000
765.001610	TTT_charged	80.000000	0.000000	0.000000
765.001610	TTT_uncharged	5.000000	0.000000	0.000000
765.001610	__proteinX_rbs	200.000000	0.000000	0.000000
765.001610	__ribosome	99.000000	0.000000	0.000000
765.001610	proteinX	627.000000	195.000000	0.005128
769.999200	ATA_charged	14.000000	0.000000	0.000000
769.999200	ATA_uncharged	1.000000	0.000000	0.000000
769.999200	TTT_charged	72.000000	0.000000	0.000000
769.999200	TTT_uncharged	13.000000	0.000000	0.000000
769.999200	__proteinX_rbs	200.000000	0.000000	0.000000
769.999200	__ribosome	97.000000	0.000000	0.000000
769.999200	proteinX	631.000000	195.000000	0.015385
775.050616	ATA_charged	15.000000	0.000000	0.000000
775.050616	ATA_uncharged	0.000000	0.000000	0.000000
775.050616	TTT_charged	85.000000	0.000000	0.000000
775.050616	TTT_uncharged	0.000000	0.000000	0.000000
775.050616	__proteinX_rbs	199.000000	0.000000	0.000000
775.050616	__ribosome	99.000000	0.000000	0.000000
775.050616	proteinX	635.000000	195.000000	0.005128
779.999524	ATA_charged	15.000000	0.000000	0.000000
779.999524	ATA_uncharged	0.000000	0.000000	0.000000
779.999524	TTT_charged	73.000000	0.000000	0.000000
779.999524	TTT_uncharged	12.000000	0.000000	0.000000
779.999524	__proteinX_rbs	200.000000	0.000000	0.000000
779.999524	__ribosome	97.000000	0.000000	0.000000
779.999524	proteinX	638.000000	195.000000	0.015385
785.809884	ATA_charged	15.000000	0.000000	0.000000
785.809884	ATA_uncharged	0.000000	0.000000	0.000000
785.809884	TTT_charged	85.000000	0.000000	0.000000
785.809884	TTT_uncharged	0.000000	0.000000	0.000000
785.809884	__proteinX_rbs	199.000000	0.000000	0.000000
785.809884	__ribosome	99.000000	0.000000	0.000000
785.809884	proteinX	645.000000	195.000000	0.005128
791.110001	ATA_charged	15.000000	0.000000	0.000000
791.110001	ATA_uncharged	0.000000	0.000000	0.000000
791.110001	TTT_charged	85.000000	0.000000	0.000000
791.110001	TTT_uncharged	0.000000	0.000000	0.000000
791.110001	__proteinX_rbs	199.000000	0.000000	0.000000
791.110001	__ribosome	99.000000	0.000000	0.000000
791.110001	proteinX	648.000000	195.000000	0.005128
795.002847	ATA_charged	15.000000	0.000000	0.000000
795.002847	ATA_uncharged	0.000000	0.000000	0.000000
795.002847	TTT_charged	85.000000	0.000000	0.000000
795.002847	TTT_uncharged	0.000000	0.000000	0.000000
795.002847	__proteinX_rbs	200.000000	0.000000	0.000000
795.002847	__ribosome	100.000000	0.000000	0.000000
795.002847	proteinX	651.000000	195.000000	0.000000
802.007943	ATA_charged	15.000000	0.000000	0.000000
802.007943	ATA_uncharged	0.000000	0.000000	0.000000
802.007943	TTT_charged	85.000000	0.000000	0.000000
802.007943	TTT_uncharged	0.000000	0.000000	0.000000
802.007943	__proteinX_rbs	199.000000	0.000000	0.000000
802.007943	__ribosome	99.000000	0.000000	0.000000
802.007943	proteinX	655.000000	195.000000	0.005128
804.999172	ATA_charged	15.000000	0.000000	0.000000
804.999172	ATA_uncharged	0.000000	0.000000	0.000000
804.999172	TTT_charged	80.000000	0.000000	0.000000
804.999172	TTT_uncharged	5.000000	0.000000	0.000000
804.999172	__proteinX_rbs	200.000000	0.000000	0.000000
804.999172	__ribosome	99.000000	0.000000	0.000000
804.999172	proteinX	659.000000	196.000000	0.005102
811.038849	ATA_charged	15.000000	0.000000	0.000000
811.038849	ATA_uncharged	0.000000	0.000000	0.000000
811.038849	TTT_charged	85.000000	0.000000	0.000000
811.038849	TTT_uncharged	0.000000	0.000000	0.000000
811.038849	__proteinX_rbs	199.000000	0.000000	0.000000
811.038849	__ribosome	99.000000	0.000000	0.000000
811.038849	proteinX	667.000000	197.000000	0.005076
815.257827	ATA_charged	15.000000	0.000000	0.000000
815.257827	ATA_uncharged	0.000000	0.000000	0.000000
815.257827	TTT_charged	85.000000	0.000000	0.000000
815.257827	TTT_uncharged	0.000000	0.000000	0.000000
815.257827	__proteinX_rbs	199.000000	0.000000	0.000000
815.257827	__ribosome	99.000000	0.000000	0.000000
815.257827	proteinX	670.000000	197.000000	0.005076
820.317054	ATA_charged	15.000000	0.000000	0.000000
820.317054	ATA_uncharged	0.000000	0.000000	0.000000
820.317054	TTT_charged	85.000000	0.000000	0.000000
820.317054	TTT_uncharged	0.000000	0.000000	0.000000
820.317054	__proteinX_rbs	199.000000	0.000000	0.000000
820.317054	__ribosome	99.000000	0.000000	0.000000
820.317054	proteinX	674.000000	197.000000	0.005076
825.029343	ATA_charged	14.000000	0.000000	0.000000
825.029343	ATA_uncharged	1.000000	0.000000	0.000000
825.029343	TTT_charged	85.000000	0.000000	0.000000
825.029343	TTT_uncharged	0.000000	0.000000	0.000000
825.029343	__proteinX_rbs	200.000000	0.000000	0.000000
825.029343	__ribosome	99.000000	0.000000	0.000000
825.029343	proteinX	678.000000	197.000000	0.005076
830.060046	ATA_charged	15.000000	0.000000	0.000000
830.060046	ATA_uncharged	0.000000	0.000000	0.000000
830.060046	TTT_charged	85.000000	0.000000	0.000000
830.060046	TTT_uncharged	0.000000	0.000000	0.000000
830.060046	__proteinX_rbs	199.000000	0.000000	0.000000
830.060046	__ribosome	99.000000	0.000000	0.000000
830.060046	proteinX	686.000000	197.000000	0.005076
836.786701	ATA_charged	15.000000	0.000000	0.000000
836.786701	ATA_uncharged	0.000000	0.000000	0.000000
836.786701	TTT_charged	85.000000	0.000000	0.000000
836.786701	TTT_uncharged	0.000000	0.000000	0.000000
836.786701	__proteinX_rbs	199.000000	0.000000	0.000000
836.786701	__ribosome	99.000000	0.000000	0.000000
836.786701	proteinX	692.000000	197.000000	0.005076
842.962415	ATA_charged	15.000000	0.000000	0.000000
842.962415	ATA_uncharged	0.000000	0.000000	0.000000
842.962415	TTT_charged	85.000000	0.000000	0.000000
842.962415	TTT_uncharged	0.000000	0.000000	0.000000
842.962415	__proteinX_rbs	199.000000	0.000000	0.000000
842.962415	__ribosome	99.000000	0.000000	0.000000
842.962415	proteinX	694.000000	197.000000	0.005076
844.999771	ATA_charged	15.000000	0.000000	0.000000
844.999771	ATA_uncharged	0.000000	0.000000	0.000000
844.999771	TTT_charged	83.000000	0.000000	0.000000
844.999771	TTT_uncharged	2.000000	0.000000	0.000000
844.999771	__proteinX_rbs	200.000000	0.000000	0.000000
844.999771	__ribosome	99.000000	0.000000	0.000000
844.999771	proteinX	695.000000	197.000000	0.005076
852.167287	ATA_charged	15.000000	0.000000	0.000000
852.167287	ATA_uncharged	0.000000	0.000000	0.000000
852.167287	TTT_charged	85.000000	0.000000	0.000000
852.167287	TTT_uncharged	0.000000	0.000000	0.000000
852.167287	__proteinX_rbs	199.000000	0.000000	0.000000
852.167287	__ribosome	99.000000	0.000000	0.000000
852.167287	proteinX	701.000000	197.000000	0.005076
855.704781	ATA_charged	15.000000	0.000000	0.000000
855.704781	ATA_uncharged	0.000000	0.000000	0.000000
855.704781	TTT_charged	85.000000	0.000000	0.000000
855.704781	TTT_uncharged	0.000000	0.000000	0.000000
855.704781	__proteinX_rbs	199.000000	0.000000	0.000000
855.704781	__ribosome	99.000000	0.000000	0.000000
855.704781	proteinX	704.000000	197.000000	0.005076
861.833019	ATA_charged	15.000000	0.000000	0.000000
861.833019	ATA_uncharged	0.000000	0.000000	0.000000
861.833019	TTT_charged	85.000000	0.000000	0.000000
861.833019	TTT_uncharged	0.000000	0.000000	0.000000
861.833019	__proteinX_rbs	199.000000	0.000000	0.000000
861.833019	__ribosome	99.000000	0.000000	0.000000
861.833019	proteinX	712.000000	197.000000	0.005076
865.321660	ATA_charged	15.000000	0.000000	0.000000
865.321660	ATA_uncharged	0.000000	0.000000	0.000000
865.321660	TTT_charged	85.000000	0.000000	0.000000
865.321660	TTT_uncharged	0.000000	0.000000	0.000000
865.321660	__proteinX_rbs	199.000000	0.000000	0.000000
865.321660	__ribosome	99.000000	0.000000	0.000000
865.321660	proteinX	715.000000	197.000000	0.005076
870.521513	ATA_charged	15.000000	0.000000	0.000000
870.521513	ATA_uncharged	0.000000	0.000000	0.000000
870.521513	TTT_charged	85.000000	0.000000	0.000000
870.521513	TTT_uncharged	0.000000	0.000000	0.000000
870.521513	__proteinX_rbs	199.000000	0.000000	0.000000
870.521513	__ribosome	99.000000	0.000000	0.000000
870.521513	proteinX	718.000000	198.000000	0.005051
875.458332	ATA_charged	15.000000	0.000000	0.000000
875.458332	ATA_uncharged	0.000000	0.000000	0.000000
875.458332	TTT_charged	85.000000	0.000000	0.000000
875.458332	TTT_uncharged	0.000000	0.000000	0.000000
875.458332	__proteinX_rbs	199.000000	0.000000	0.000000
875.458332	__ribosome	99.000000	0.000000	0.000000
875.458332	proteinX	727.000000	198.000000	0.005051
880.837227	ATA_charged	15.000000	0.000000	0.000000
880.837227	ATA_uncharged	0.000000	0.000000	0.000000
880.837227	TTT_charged	85.000000	0.000000	0.000000
880.837227	TTT_uncharged	0.000000	0.000000	0.000000
880.837227	__proteinX_rbs	199.000000	0.000000	0.000000
880.837227	__ribosome	99.000000	0.000000	0.000000
880.837227	proteinX	731.000000	198.000000	0.005051
886.849884	ATA_charged	15.000000	0.000000	0.000000
886.849884	ATA_uncharged	0.000000	0.000000	0.000000
886.849884	TTT_charged	85.000000	0.000000	0.000000
886.849884	TTT_uncharged	0.000000	0.000000	0.000000
886.849884	__proteinX_rbs	199.000000	0.000000	0.000000
886.849884	__ribosome	99.000000	0.000000	0.000000
886.849884	proteinX	736.000000	198.000000	0.005051
890.520350	ATA_charged	15.000000	0.000000	0.000000
890.520350	ATA_uncharged	0.000000	0.000000	0.000000
890.520350	TTT_charged	85.000000	0.000000	0.000000
890.520350	TTT_uncharged	0.000000	0.000000	0.000000
890.520350	__proteinX_rbs	199.000000	0.000000	0.000000
890.520350	__ribosome	99.000000	0.000000	0.000000
890.520350	proteinX	742.000000	198.000000	0.005051
894.999924	ATA_charged	15.000000	0.000000	0.000000
894.999924	ATA_uncharged	0.000000	0.000000	0.000000
894.999924	TTT_charged	80.000000	0.000000	0.000000
894.999924	TTT_uncharged	5.000000	0.000000	0.000000
894.999924	__proteinX_rbs	200.000000	0.000000	0.000000
894.999924	__ribosome	98.000000	0.000000	0.000000
894.999924	proteinX	746.000000	198.000000	0.010101
901.708380	ATA_charged	15.000000	0.000000	0.000000
901.708380	ATA_uncharged	0.000000	0.000000	0.000000
901.708380	TTT_charged	85.000000	0.000000	0.000000
901.708380	TTT_uncharged	0.000000	0.000000	0.000000
901.708380	__proteinX_rbs	199.000000	0.000000	0.000000
901.708380	__ribosome	99.000000	0.000000	0.000000
901.708380	proteinX	753.000000	199.000000	0.005025
904.999373	ATA_charged	15.000000	0.000000	0.000000
904.999373	ATA_uncharged	0.000000	0.000000	0.000000
904.999373	TTT_charged	82.000000	0.000000	0.000000
904.999373	TTT_uncharged	3.000000	0.000000	0.000000
904.999373	__proteinX_rbs	200.000000	0.000000	0.000000
904.999373	__ribosome	99.000000	0.000000	0.000000
904.999373	proteinX	756.000000	199.000000	0.005025
911.095385	ATA_charged	15.000000	0.000000	0.000000
911.095385	ATA_uncharged	0.000000	0.000000	0.000000
911.095385	TTT_charged	85.000000	0.000000	0.000000
911.095385	TTT_uncharged	0.000000	0.000000	0.000000
911.095385	__proteinX_rbs	199.000000	0.000000	0.000000
911.095385	__ribosome	99.000000	0.000000	0.000000
911.095385	proteinX	761.000000	199.000000	0.005025
915.003140	ATA_charged	15.000000	0.000000	0.000000
915.003140	ATA_uncharged	0.000000	0.000000	0.000000
915.003140	TTT_charged	84.000000	0.000000	0.000000
915.003140	TTT_uncharged	1.000000	0.000000	0.000000
915.003140	__proteinX_rbs	200.000000	0.000000	0.000000
915.003140	__ribosome	100.000000	0.000000	0.000000
915.003140	proteinX	766.000000	199.000000	0.000000
920.001524	ATA_charged	15.000000	0.000000	0.000000
920.001524	ATA_uncharged	0.000000	0.000000	0.000000
920.001524	TTT_charged	82.000000	0.000000	0.000000
920.001524	TTT_uncharged	3.000000	0.000000	0.000000
920.001524	__proteinX_rbs	200.000000	0.000000	0.000000
920.001524	__ribosome	99.000000	0.000000	0.000000
920.001524	proteinX	769.000000	199.000000	0.005025
925.353907	ATA_charged	15.000000	0.000000	0.000000
925.353907	ATA_uncharged	0.000000	0.000000	0.000000
925.353907	TTT_charged	85.000000	0.000000	0.000000
925.353907	TTT_uncharged	0.000000	0.000000	0.000000
925.353907	__proteinX_rbs	199.000000	0.000000	0.000000
925.353907	__ribosome	99.000000	0.000000	0.000000
925.353907	proteinX	773.000000	199.000000	0.005025
931.352817	ATA_charged	15.000000	0.000000	0.000000
931.352817	ATA_uncharged	0.000000	0.000000	0.000000
931.352817	TTT_charged	85.000000	0.000000	0.000000
931.352817	TTT_uncharged	0.000000	0.000000	0.000000
931.352817	__proteinX_rbs	199.000000	0.000000	0.000000
931.352817	__ribosome	99.000000	0.000000	0.000000
931.352817	proteinX	778.000000	199.000000	0.005025
935.392216	ATA_charged	15.000000	0.000000	0.000000
935.392216	ATA_uncharged	0.000000	0.000000	0.000000
935.392216	TTT_charged	85.000000	0.000000	0.000000
935.392216	TTT_uncharged	0.000000	0.000000	0.000000
935.392216	__proteinX_rbs	199.000000	0.000000	0.000000
935.392216	__ribosome	99.000000	0.000000	0.000000
935.392216	proteinX	782.000000	199.000000	0.005025
940.164088	ATA_charged	15.000000	0.000000	0.000000
940.164088	ATA_uncharged	0.000000	0.000000	0.000000
940.164088	TTT_charged	85.000000	0.000000	0.000000
940.164088	TTT_uncharged	0.000000	0.000000	0.000000
940.164088	__proteinX_rbs	199.000000	0.000000	0.000000
940.164088	__ribosome	99.000000	0.000000	0.000000
940.164088	proteinX	786.000000	199.000000	0.005025
945.018426	ATA_charged	14.000000	0.000000	0.000000
945.018426	ATA_uncharged	1.000000	0.000000	0.000000
945.018426	TTT_charged	85.000000	0.000000	0.000000
945.018426	TTT_uncharged	0.000000	0.000000	0.000000
945.018426	__proteinX_rbs	200.000000	0.000000	0.000000
945.018426	__ribosome	99.000000	0.000000	0.000000
945.018426	proteinX	794.000000	199.000000	0.005025
950.832381	ATA_charged	15.000000	0.000000	0.000000
950.832381	ATA_uncharged	0.000000	0.000000	0.000000
950.832381	TTT_charged	85.000000	0.000000	0.000000
950.832381	TTT_uncharged	0.000000	0.000000	0.000000
950.832381	__proteinX_rbs	199.000000	0.000000	0.000000
950.832381	__ribosome	99.000000	0.000000	0.000000
950.832381	proteinX	797.000000	199.000000	0.005025
954.999476	ATA_charged	15.000000	0.000000	0.000000
954.999476	ATA_uncharged	0.000000	0.000000	0.000000
954.999476	TTT_charged	80.000000	0.000000	0.000000
954.999476	TTT_uncharged	5.000000	0.000000	0.000000
954.999476	__proteinX_rbs	200.000000	0.000000	0.000000
954.999476	__ribosome	99.000000	0.000000	0.000000
954.999476	proteinX	800.000000	199.000000	0.005025
962.047359	ATA_charged	15.000000	0.000000	0.000000
962.047359	ATA_uncharged	0.000000	0.000000	0.000000
962.047359	TTT_charged	85.000000	0.000000	0.000000
962.047359	TTT_uncharged	0.000000	0.000000	0.000000
962.047359	__proteinX_rbs	199.000000	0.000000	0.000000
962.047359	__ribosome	99.000000	0.000000	0.000000
962.047359	proteinX	806.000000	199.000000	0.005025
966.330779	ATA_charged	15.000000	0.000000	0.000000
966.330779	ATA_uncharged	0.000000	0.000000	0.000000
966.330779	TTT_charged	85.000000	0.000000	0.000000
966.330779	TTT_uncharged	0.000000	0.000000	0.000000
966.330779	__proteinX_rbs	199.000000	0.000000	0.000000
966.330779	__ribosome	99.000000	0.000000	0.000000
966.330779	proteinX	811.000000	199.000000	0.005025
971.638843	ATA_charged	15.000000	0.000000	0.000000
971.638843	ATA_uncharged	0.000000	0.000000	0.000000
971.638843	TTT_charged	85.000000	0.000000	0.000000
971.638843	TTT_uncharged	0.000000	0.000000	0.000000
971.638843	__proteinX_rbs	199.000000	0.000000	0.000000
971.638843	__ribosome	99.000000	0.000000	0.000000
971.638843	proteinX	818.000000	199.000000	0.005025
974.999330	ATA_charged	15.000000	0.000000	0.000000
974.999330	ATA_uncharged	0.000000	0.000000	0.000000
974.999330	TTT_charged	82.000000	0.000000	0.000000
974.999330	TTT_uncharged	3.000000	0.000000	0.000000
974.999330	__proteinX_rbs	200.000000	0.000000	0.000000
974.999330	__ribosome	99.000000	0.000000	0.000000
974.999330	proteinX	823.000000	199.000000	0.005025
985.853925	ATA_charged	15.000000	0.000000	0.000000
985.853925	ATA_uncharged	0.000000	0.000000	0.000000
985.853925	TTT_charged	85.000000	0.000000	0.000000
985.853925	TTT_uncharged	0.000000	0.000000	0.000000
985.853925	__proteinX_rbs	199.000000	0.000000	0.000000
985.853925	__ribosome	99.000000	0.000000	0.000000
985.853925	proteinX	827.000000	199.000000	0.005025
985.857426	ATA_charged	15.000000	0.000000	0.000000
985.857426	ATA_uncharged	0.000000	0.000000	0.000000
985.857426	TTT_charged	84.000000	0.000000	0.000000
985.857426	TTT_uncharged	1.000000	0.000000	0.000000
985.857426	__proteinX_rbs	199.000000	0.000000	0.000000
985.857426	__ribosome	99.000000	0.000000	0.000000
985.857426	proteinX	827.000000	199.000000	0.005025
992.913717	ATA_charged	15.000000	0.000000	0.000000
992.913717	ATA_uncharged	0.000000	0.000000	0.000000
992.913717	TTT_charged	85.000000	0.000000	0.000000
992.913717	TTT_uncharged	0.000000	0.000000	0.000000
992.913717	__proteinX_rbs	199.000000	0.000000	0.000000
992.913717	__ribosome	99.000000	0.000000	0.000000
992.913717	proteinX	832.000000	199.000000	0.005025
995.379536	ATA_charged	15.000000	0.000000	0.000000
995.379536	ATA_uncharged	0.000000	0.000000	0.000000
995.379536	TTT_charged	85.000000	0.000000	0.000000
995.379536	TTT_uncharged	0.000000	0.000000	0.000000
995.379536	__proteinX_rbs	199.000000	0.000000	0.000000
995.379536	__ribosome	99.000000	0.000000	0.000000
995.379536	proteinX	834.000000	199.000000	0.005025
1003.488771	ATA_charged	15.000000	0.000000	0.000000
1003.488771	ATA_uncharged	0.000000	0.000000	0.000000
1003.488771	TTT_charged	85.000000	0.000000	0.000000
1003.488771	TTT_uncharged	0.000000	0.000000	0.000000
1003.488771	__proteinX_rbs	199.000000	0.000000	0.000000
1003.488771	__ribosome	99.000000	0.000000	0.000000
1003.488771	proteinX	838.000000	199.000000	0.005025
1009.955704	ATA_charged	15.000000	0.000000	0.000000
1009.955704	ATA_uncharged	0.000000	0.000000	0.000000
1009.955704	TTT_charged	85.000000	0.000000	0.000000
1009.955704	TTT_uncharged	0.000000	0.000000	0.000000
1009.955704	__proteinX_rbs	199.000000	0.000000	0.000000
1009.955704	__ribosome	99.000000	0.000000	0.000000
1009.955704	proteinX	841.000000	199.000000	0.005025
1010.001972	ATA_charged	15.000000	0.000000	0.000000
1010.001972	ATA_uncharged	0.000000	0.000000	0.000000
1010.001972	TTT_charged	82.000000	0.000000	0.000000
1010.001972	TTT_uncharged	3.000000	0.000000	0.000000
1010.001972	__proteinX_rbs	200.000000	0.000000	0.000000
1010.001972	__ribosome	99.000000	0.000000	0.000000
1010.001972	proteinX	841.000000	199.000000	0.005025
1015.715965	ATA_charged	15.000000	0.000000	0.000000
1015.715965	ATA_uncharged	0.000000	0.000000	0.000000
1015.715965	TTT_charged	85.000000	0.000000	0.000000
1015.715965	TTT_uncharged	0.000000	0.000000	0.000000
1015.715965	__proteinX_rbs	199.000000	0.000000	0.000000
1015.715965	__ribosome	99.000000	0.000000	0.000000
1015.715965	proteinX	846.000000	199.000000	0.005025
1020.812250	ATA_charged	15.000000	0.000000	0.000000
1020.812250	ATA_uncharged	0.000000	0.000000	0.000000
1020.812250	TTT_charged	85.000000	0.000000	0.000000
1020.812250	TTT_uncharged	0.000000	0.000000	0.000000
1020.812250	__proteinX_rbs	199.000000	0.000000	0.000000
1020.812250	__ribosome	99.000000	0.000000	0.000000
1020.812250	proteinX	850.000000	199.000000	0.005025
1025.001195	ATA_charged	15.000000	0.000000	0.000000
1025.001195	ATA_uncharged	0.000000	0.000000	0.000000
1025.001195	TTT_charged	83.000000	0.000000	0.000000
1025.001195	TTT_uncharged	2.000000	0.000000	0.000000
1025.001195	__proteinX_rbs	200.000000	0.000000	0.000000
1025.001195	__ribosome	99.000000	0.000000	0.000000
1025.001195	proteinX	853.000000	199.000000	0.005025
1031.032728	ATA_charged	15.000000	0.000000	0.000000
1031.032728	ATA_uncharged	0.000000	0.000000	0.000000
1031.032728	TTT_charged	85.000000	0.000000	0.000000
1031.032728	TTT_uncharged	0.000000	0.000000	0.000000
1031.032728	__proteinX_rbs	199.000000	0.000000	0.000000
1031.032728	__ribosome	99.000000	0.000000	0.000000
1031.032728	proteinX	861.000000	199.000000	0.005025
1037.079440	ATA_charged	15.000000	0.000000	0.000000
1037.079440	ATA_uncharged	0.000000	0.000000	0.000000
1037.079440	TTT_charged	85.000000	0.000000	0.000000
1037.079440	TTT_uncharged	0.000000	0.000000	0.000000
1037.079440	__proteinX_rbs	199.000000	0.000000	0.000000
1037.079440	__ribosome	99.000000	0.000000	0.000000
1037.079440	proteinX	869.000000	199.000000	0.005025
1041.073136	ATA_charged	15.000000	0.000000	0.000000
1041.073136	ATA_uncharged	0.000000	0.000000	0.000000
1041.073136	TTT_charged	85.000000	0.000000	0.000000
1041.073136	TTT_uncharged	0.000000	0.000000	0.000000
1041.073136	__proteinX_rbs	199.000000	0.000000	0.000000
1041.073136	__ribosome	99.000000	0.000000	0.000000
1041.073136	proteinX	872.000000	199.000000	0.005025
1045.000453	ATA_charged	14.000000	0.000000	0.000000
1045.000453	ATA_uncharged	1.000000	0.000000	0.000000
1045.000453	TTT_charged	85.000000	0.000000	0.000000
1045.000453	TTT_uncharged	0.000000	0.000000	0.000000
1045.000453	__proteinX_rbs	200.000000	0.000000	0.000000
1045.000453	__ribosome	99.000000	0.000000	0.000000
1045.000453	proteinX	874.000000	199.000000	0.005025
1050.824332	ATA_charged	15.000000	0.000000	0.000000
1050.824332	ATA_uncharged	0.000000	0.000000	0.000000
1050.824332	TTT_charged	85.000000	0.000000	0.000000
1050.824332	TTT_uncharged	0.000000	0.000000	0.000000
1050.824332	__proteinX_rbs	199.000000	0.000000	0.000000
1050.824332	__ribosome	99.000000	0.000000	0.000000
1050.824332	proteinX	879.000000	199.000000	0.005025
1056.629753	ATA_charged	15.000000	0.000000	0.000000
1056.629753	ATA_uncharged	0.000000	0.000000	0.000000
1056.629753	TTT_charged	85.000000	0.000000	0.000000
1056.629753	TTT_uncharged	0.000000	0.000000	0.000000
1056.629753	__proteinX_rbs	199.000000	0.000000	0.000000
1056.629753	__ribosome	99.000000	0.000000	0.000000
1056.629753	proteinX	885.000000	199.000000	0.005025
1060.289622	ATA_charged	15.000000	0.000000	0.000000
1060.289622	ATA_uncharged	0.000000	0.000000	0.000000
1060.289622	TTT_charged	85.000000	0.000000	0.000000
1060.289622	TTT_uncharged	0.000000	0.000000	0.000000
1060.289622	__proteinX_rbs	199.000000	0.000000	0.000000
1060.289622	__ribosome	99.000000	0.000000	0.000000
1060.289622	proteinX	889.000000	199.000000	0.005025
1065.152775	ATA_charged	15.000000	0.000000	0.000000
1065.152775	ATA_uncharged	0.000000	0.000000	0.000000
1065.152775	TTT_charged	85.000000	0.000000	0.000000
1065.152775	TTT_uncharged	0.000000	0.000000	0.000000
1065.152775	__proteinX_rbs	199.000000	0.000000	0.000000
1065.152775	__ribosome	99.000000	0.000000	0.000000
1065.152775	proteinX	894.000000	199.000000	0.005025
1070.000922	ATA_charged	15.000000	0.000000	0.000000
1070.000922	ATA_uncharged	0.000000	0.000000	0.000000
1070.000922	TTT_charged	84.000000	0.000000	0.000000
1070.000922	TTT_uncharged	1.000000	0.000000	0.000000
1070.000922	__proteinX_rbs	199.000000	0.000000	0.000000
1070.000922	__ribosome	99.000000	0.000000	0.000000
1070.000922	proteinX	898.000000	199.000000	0.005025
1075.046918	ATA_charged	15.000000	0.000000	0.000000
1075.046918	ATA_uncharged	0.000000	0.000000	0.000000
1075.046918	TTT_charged	85.000000	0.000000	0.000000
1075.046918	TTT_uncharged	0.000000	0.000000	0.000000
1075.046918	__proteinX_rbs	199.000000	0.000000	0.000000
1075.046918	__ribosome	99.000000	0.000000	0.000000
1075.046918	proteinX	900.000000	199.000000	0.005025
1079.999164	ATA_charged	15.000000	0.000000	0.000000
1079.999164	ATA_uncharged	0.000000	0.000000	0.000000
1079.999164	TTT_charged	83.000000	0.000000	0.000000
1079.999164	TTT_uncharged	2.000000	0.000000	0.000000
1079.999164	__proteinX_rbs	200.000000	0.000000	0.000000
1079.999164	__ribosome	99.000000	0.000000	0.000000
1079.999164	proteinX	905.000000	199.000000	0.005025
1085.111786	ATA_charged	15.000000	0.000000	0.000000
1085.111786	ATA_uncharged	0.000000	0.000000	0.000000
1085.111786	TTT_charged	85.000000	0.000000	0.000000
1085.111786	TTT_uncharged	0.000000	0.000000	0.000000
1085.111786	__proteinX_rbs	199.000000	0.000000	0.000000
1085.111786	__ribosome	99.000000	0.000000	0.000000
1085.111786	proteinX	913.000000	199.000000	0.005025
1090.353328	ATA_charged	15.000000	0.000000	0.000000
1090.353328	ATA_uncharged	0.000000	0.000000	0.000000
1090.353328	TTT_charged	85.000000	0.000000	0.000000
1090.353328	TTT_uncharged	0.000000	0.000000	0.000000
1090.353328	__proteinX_rbs	199.000000	0.000000	0.000000
1090.353328	__ribosome	99.000000	0.000000	0.000000
1090.353328	proteinX	917.000000	199.000000	0.005025
1095.004125	ATA_charged	15.000000	0.000000	0.000000
1095.004125	ATA_uncharged	0.000000	0.000000	0.000000
1095.004125	TTT_charged	84.000000	0.000000	0.000000
1095.004125	TTT_uncharged	1.000000	0.000000	0.000000
1095.004125	__proteinX_rbs	200.000000	0.000000	0.000000
1095.004125	__ribosome	99.000000	0.000000	0.000000
1095.004125	proteinX	921.000000	199.000000	0.005025
1100.156035	ATA_charged	15.000000	0.000000	0.000000
1100.156035	ATA_uncharged	0.000000	0.000000	0.000000
1100.156035	TTT_charged	85.000000	0.000000	0.000000
1100.156035	TTT_uncharged	0.000000	0.000000	0.000000
1100.156035	__proteinX_rbs	199.000000	0.000000	0.000000
1100.156035	__ribosome	99.000000	0.000000	0.000000
1100.156035	proteinX	926.000000	199.000000	0.005025
1106.287453	ATA_charged	15.000000	0.000000	0.000000
1106.287453	ATA_uncharged	0.000000	0.000000	0.000000
1106.287453	TTT_charged	85.000000	0.000000	0.000000
1106.287453	TTT_uncharged	0.000000	0.000000	0.000000
1106.287453	__proteinX_rbs	199.000000	0.000000	0.000000
1106.287453	__ribosome	99.000000	0.000000	0.000000
1106.287453	proteinX	931.000000	199.000000	0.005025
1112.244423	ATA_charged	15.000000	0.000000	0.000000
1112.244423	ATA_uncharged	0.000000	0.000000	0.000000
1112.244423	TTT_charged	85.000000	0.000000	0.000000
1112.244423	TTT_uncharged	0.000000	0.000000	0.000000
1112.244423	__proteinX_rbs	199.000000	0.000000	0.000000
1112.244423	__ribosome	99.000000	0.000000	0.000000
1112.244423	proteinX	935.000000	199.000000	0.005025
1118.644212	ATA_charged	15.000000	0.000000	0.000000
1118.644212	ATA_uncharged	0.000000	0.000000	0.000000
1118.644212	TTT_charged	85.000000	0.000000	0.000000
1118.644212	TTT_uncharged	0.000000	0.000000	0.000000
1118.644212	__proteinX_rbs	199.000000	0.000000	0.000000
1118.644212	__ribosome	99.000000	0.000000	0.000000
1118.644212	proteinX	938.000000	199.000000	0.005025
1119.999248	ATA_charged	15.000000	0.000000	0.000000
1119.999248	ATA_uncharged	0.000000	0.000000	0.000000
1119.999248	TTT_charged	84.000000	0.000000	0.000000
1119.999248	TTT_uncharged	1.000000	0.000000	0.000000
1119.999248	__proteinX_rbs	200.000000	0.000000	0.000000
1119.999248	__ribosome	98.000000	0.000000	0.000000
1119.999248	proteinX	940.000000	199.000000	0.010050
1125.002376	ATA_charged	15.000000	0.000000	0.000000
1125.002376	ATA_uncharged	0.000000	0.000000	0.000000
1125.002376	TTT_charged	83.000000	0.000000	0.000000
1125.002376	TTT_uncharged	2.000000	0.000000	0.000000
1125.002376	__proteinX_rbs	200.000000	0.000000	0.000000
1125.002376	__ribosome	99.000000	0.000000	0.000000
1125.002376	proteinX	947.000000	199.000000	0.005025
1131.370383	ATA_charged	15.000000	0.000000	0.000000
1131.370383	ATA_uncharged	0.000000	0.000000	0.000000
1131.370383	TTT_charged	85.000000	0.000000	0.000000
1131.370383	TTT_uncharged	0.000000	0.000000	0.000000
1131.370383	__proteinX_rbs	199.000000	0.000000	0.000000
1131.370383	__ribosome	99.000000	0.000000	0.000000
1131.370383	proteinX	955.000000	199.000000	0.005025
1134.999627	ATA_charged	15.000000	0.000000	0.000000
1134.999627	ATA_uncharged	0.000000	0.000000	0.000000
1134.999627	TTT_charged	82.000000	0.000000	0.000000
1134.999627	TTT_uncharged	3.000000	0.000000	0.000000
1134.999627	__proteinX_rbs	200.000000	0.000000	0.000000
1134.999627	__ribosome	99.000000	0.000000	0.000000
1134.999627	proteinX	959.000000	199.000000	0.005025
1140.905157	ATA_charged	15.000000	0.000000	0.000000
1140.905157	ATA_uncharged	0.000000	0.000000	0.000000
1140.905157	TTT_charged	85.000000	0.000000	0.000000
1140.905157	TTT_uncharged	0.000000	0.000000	0.000000
1140.905157	__proteinX_rbs	199.000000	0.000000	0.000000
1140.905157	__ribosome	99.000000	0.000000	0.000000
1140.905157	proteinX	963.000000	199.000000	0.005025
1144.999697	ATA_charged	15.000000	0.000000	0.000000
1144.999697	ATA_uncharged	0.000000	0.000000	0.000000
1144.999697	TTT_charged	84.000000	0.000000	0.000000
1144.999697	TTT_uncharged	1.000000	0.000000	0.000000
1144.999697	__proteinX_rbs	200.000000	0.000000	0.000000
1144.999697	__ribosome	99.000000	0.000000	0.000000
1144.999697	proteinX	965.000000	199.000000	0.005025
1151.057679	ATA_charged	15.000000	0.000000	0.000000
1151.057679	ATA_uncharged	0.000000	0.000000	0.000000
1151.057679	TTT_charged	85.000000	0.000000	0.000000
1151.057679	TTT_uncharged	0.000000	0.000000	0.000000
1151.057679	__proteinX_rbs	199.000000	0.000000	0.000000
1151.057679	__ribosome	99.000000	0.000000	0.000000
1151.057679	proteinX	969.000000	199.000000	0.005025
1155.024201	ATA_charged	15.000000	0.000000	0.000000
1155.024201	ATA_uncharged	0.000000	0.000000	0.000000
1155.024201	TTT_charged	85.000000	0.000000	0.000000
1155.024201	TTT_uncharged	0.000000	0.000000	0.000000
1155.024201	__proteinX_rbs	199.000000	0.000000	0.000000
1155.024201	__ribosome	99.000000	0.000000	0.000000
1155.024201	proteinX	970.000000	199.000000	0.005025
1160.001761	ATA_charged	15.000000	0.000000	0.000000
1160.001761	ATA_uncharged	0.000000	0.000000	0.000000
1160.001761	TTT_charged	83.000000	0.000000	0.000000
1160.001761	TTT_uncharged	2.000000	0.000000	0.000000
1160.001761	__proteinX_rbs	200.000000	0.000000	0.000000
1160.001761	__ribosome	99.000000	0.000000	0.000000
1160.001761	proteinX	972.000000	199.000000	0.005025
1166.329375	ATA_charged	15.000000	0.000000	0.000000
1166.329375	ATA_uncharged	0.000000	0.000000	0.000000
1166.329375	TTT_charged	85.000000	0.000000	0.000000
1166.329375	TTT_uncharged	0.000000	0.000000	0.000000
1166.329375	__proteinX_rbs	199.000000	0.000000	0.000000
1166.329375	__ribosome	99.000000	0.000000	0.000000
1166.329375	proteinX	977.000000	199.000000	0.005025
1171.694640	ATA_charged	15.000000	0.000000	0.000000
1171.694640	ATA_uncharged	0.000000	0.000000	0.000000
1171.694640	TTT_charged	85.000000	0.000000	0.000000
1171.694640	TTT_uncharged	0.000000	0.000000	0.000000
1171.694640	__proteinX_rbs	199.000000	0.000000	0.000000
1171.694640	__ribosome	99.000000	0.000000	0.000000
1171.694640	proteinX	982.000000	199.000000	0.005025
1176.116577	ATA_charged	15.000000	0.000000	0.000000
1176.116577	ATA_uncharged	0.000000	0.000000	0.000000
1176.116577	TTT_charged	85.000000	0.000000	0.000000
1176.116577	TTT_uncharged	0.000000	0.000000	0.000000
1176.116577	__proteinX_rbs	199.000000	0.000000	0.000000
1176.116577	__ribosome	99.000000	0.000000	0.000000
1176.116577	proteinX	984.000000	199.000000	0.005025
1180.946946	ATA_charged	15.000000	0.000000	0.000000
1180.946946	ATA_uncharged	0.000000	0.000000	0.000000
1180.946946	TTT_charged	85.000000	0.000000	0.000000
1180.946946	TTT_uncharged	0.000000	0.000000	0.000000
1180.946946	__proteinX_rbs	199.000000	0.000000	0.000000
1180.946946	__ribosome	99.000000	0.000000	0.000000
1180.946946	proteinX	987.000000	199.000000	0.005025
1185.357886	ATA_charged	15.000000	0.000000	0.000000
1185.357886	ATA_uncharged	0.000000	0.000000	0.000000
1185.357886	TTT_charged	85.000000	0.000000	0.000000
1185.357886	TTT_uncharged	0.000000	0.000000	0.000000
1185.357886	__proteinX_rbs	199.000000	0.000000	0.000000
1185.357886	__ribosome	99.000000	0.000000	0.000000
1185.357886	proteinX	992.000000	199.000000	0.005025
1193.549276	ATA_charged	15.000000	0.000000	0.000000
1193.549276	ATA_uncharged	0.000000	0.000000	0.000000
1193.549276	TTT_charged	85.000000	0.000000	0.000000
1193.549276	TTT_uncharged	0.000000	0.000000	0.000000
1193.549276	__proteinX_rbs	199.000000	0.000000	0.000000
1193.549276	__ribosome	99.000000	0.000000	0.000000
1193.549276	proteinX	996.000000	199.000000	0.005025
1194.999051	ATA_charged	15.000000	0.000000	0.000000
1194.999051	ATA_uncharged	0.000000	0.000000	0.000000
1194.999051	TTT_charged	82.000000	0.000000	0.000000
1194.999051	TTT_uncharged	3.000000	0.000000	0.000000
1194.999051	__proteinX_rbs	200.000000	0.000000	0.000000
1194.999051	__ribosome	99.000000	0.000000	0.000000
1194.999051	proteinX	998.000000	199.000000	0.005025
